-5.1981128186 0.6418693164
-5.7522953784 0.4186271114
-10.8448983723 -7.5535227266
-4.5709848343 -0.8010174063
-3.5191621529 0.0393448960
1.6039161102 0.7638804061
-9.7515735666 -5.2030261982
-11.5102363503 -4.1628432138
-7.7267579487 -5.8665656339
2.6765673893 3.2987275622
4.7799964495 -0.3244319314
1.0777920748 -0.2499966761
-8.5554513010 -5.0353680034
2.1598639165 1.1201529988
-8.8171897489 -4.5792563367
-2.5381616963 -1.4182733283
2.8353662005 1.7732280495
1.1291553255 -0.8370766785
-8.8931498032 -5.3274959422
-7.0352854563 -4.6348997279
-9.2909954481 -6.1100153262
2.2195308798 -0.1420296418
-8.9929392116 -4.7992694441
-3.7733390480 -0.0510113945
-8.1456911666 -7.0011949548
-5.0001183569 0.2332822984
3.1459976476 -0.9327584634
-4.0472885405 -0.2880679113
1.7017610229 -0.7015952320
-8.8201085925 -6.8453897716
-5.3050737289 -0.9441718542
-9.4644367663 -6.5406572483
-5.3558787393 -0.5868578941
3.5761085352 1.1694369166
2.1344941219 0.1211327805
2.5861824010 0.9569805269
1.5729639820 -1.0702799117
-4.7132593814 0.1868918857
1.4647717886 0.4040169515
-9.0226947292 -4.3656982598
-10.8136022788 -5.0495253302
-8.1477982102 -4.8788212772
-5.3875605803 -1.1581643478
-5.6374241586 -0.3532777945
2.3609475681 1.8569063306
-8.0942158508 -5.7749273934
0.8697309771 0.8949930158
-10.4308506682 -6.2340843680
-5.2369185031 -1.0430362563
-4.3753126795 -2.1008262266
-3.3428433216 -0.7225746905
-4.4021522496 0.6165079720
-8.4059010576 -4.7955702715
-9.9566453642 -6.0521238864
-4.7907664772 1.8141548843
1.5114886533 0.0899043566
-8.5361639418 -5.6258439134
-5.1234360380 1.3253800673
-4.1374398510 -0.9634777450
-6.1092242997 -0.7656151302
-3.9552829839 -0.4883416932
-10.0764500364 -5.3999242498
-2.5618627030 1.8427446530
3.3652968310 0.4710922784
-3.4138602280 0.3680288007
-4.4729754834 0.1454859219
-8.9811043022 -5.7466589881
2.6104999861 1.3200199161
-5.4983529964 -0.5449281262
-3.2219816373 0.9510990070
-4.6204612903 -0.4583412421
-5.6412143907 -0.3226495018
-4.7486186340 0.3237903602
2.2562098295 -0.5784480700
-8.4245783201 -5.3226466355
-3.1608173956 0.6798342713
-3.5814018995 0.8075674530
0.6586552899 2.1161867381
2.6911889947 1.1585753511
-4.4684011660 0.1524799839
-8.8031967792 -5.5862495687
-9.3782848143 -3.6650805775
-4.6675899649 -1.3838418055
1.2107596174 1.0909513773
-8.7313719793 -4.5869686839
1.6650454196 0.0930597474
3.0352334261 0.7459031456
-9.4501791059 -5.9252774882
-9.3451238109 -3.5189244045
-9.4584987938 -4.5221995958
2.9333412401 -1.9602137097
-6.4694117850 1.1663432861
2.0434408038 0.3772996509
2.2641227119 2.0092106028
-5.7473855823 0.1303555355
-6.2980730111 0.5095756944
2.7878751710 0.3881640428
-3.4120339279 0.6262572075
-4.0398156396 -0.3515311729
-9.9376136512 -3.8680979956
1.9466094390 0.7634326061
-6.8670920874 -5.7668326011
-10.0908107738 -5.4695348339
-4.1407299311 0.5703544815
-9.8085961785 -6.9430262146
0.7176813839 -0.0519338349
-3.4120661432 2.4180396958
1.7092421296 -0.0884740096
-8.9019835910 -6.4515439900
-4.8031632070 -0.8759299804
0.8184317970 0.6414276366
-10.5561408570 -5.9784123440
-8.9718402770 -6.0421172341
-9.2556806822 -6.7440316241
1.6602333480 2.3505564503
-2.8209887239 -1.0038233141
1.6085771359 0.3772702292
-4.4998005401 1.9698352237
-4.1083825920 0.1962871929
-9.9857521043 -3.9811037463
1.7521163966 0.4864825925
-5.1667380566 1.9097865604
2.2219334628 1.6935049012
-7.6132218586 -5.5906435491
-4.0757987879 -1.1570908797
2.6885471377 0.7953198010
-4.7917995370 2.0657552536
-4.2378558364 -1.0831475319
3.1957671437 -0.0419207257
-10.4877526051 -4.9230994266
-9.6250163493 -6.7426805548
2.1451693478 -1.5124884112
-8.5460624577 -8.3446453081
1.4230868222 1.3334399452
-3.1667072626 0.3109525710
-4.6445674454 0.8199679096
-8.4038771876 -4.5544576313
2.4031815955 0.1946605903
1.1150935930 1.0803124137
-5.4966779343 -0.0658459437
-4.8510501734 1.2133712848
-4.2786951357 1.2943525129
-5.3683264241 -0.6290239758
1.8926588339 2.2385454011
-3.8477039440 -0.9752010671
-8.5717576177 -4.1035439444
2.3631946991 -1.0703149002
-4.1399949322 0.3806236585
-9.4733957561 -6.6120914165
1.2189215338 -0.0138684715
-4.1784720751 -1.7680630586
-3.6226923689 -0.9691939793
2.4707701542 -0.3716263532
-9.1338386726 -5.1497027815
3.4732377850 -0.0058630094
2.6497443262 -0.0606119849
-8.7169385174 -5.1016719999
2.6700061298 -0.3549218018
-8.3847621716 -5.7002863816
3.3290745714 -0.2091785963
2.5775726198 0.1825261309
1.5246610220 -0.9661723930
1.3027725223 -0.7769048437
1.6010137765 0.6566322744
-10.7669586888 -4.0608684268
-8.5097365631 -5.5482220061
-3.0728724522 0.9521616459
-9.2753620935 -7.8316765322
-8.5481362312 -4.8005372163
-5.3099695193 0.5541590143
-9.8872279958 -3.7038898524
-7.3125829357 -3.9865599566
-3.8371851485 -0.9236934086
2.3066894052 1.2291089246
-3.6671470240 -0.0820825484
1.8067132540 0.2173720671
-8.4561083990 -5.2948929142
-4.0712863168 0.5147124903
-5.0286578146 -0.4765478859
-4.9822060515 0.1649956614
-7.8033667202 -0.6361607947
-9.3503202809 -6.1409914535
1.3940158829 0.7972142598
-3.7570180225 -0.6644814136
-5.9860450901 0.4053808439
-5.8736149917 0.1437400613
-7.8481062117 -6.0925179059
-6.1771645475 0.9879259268
-2.8773600004 0.6766055844
-3.0864118468 -0.7729438369
2.4996363750 -0.1140374413
-4.1197627603 0.2782811595
-8.1741712645 -5.0861745672
-3.3052459368 1.4293315431
2.0331439703 -0.2168885395
-8.3369609180 -5.9604356614
1.4410483377 -0.9557307046
-4.7281166699 0.5229794513
-10.4116368023 -6.0523663813
1.4136406262 0.2572933280
-8.0259495942 -4.1084480357
1.7956611467 -0.5163368913
-7.0969983015 0.2050517057
-8.3935131471 -6.0996272762
-7.9342912056 -5.1923989231
1.1681692514 1.9330322725
-5.4185321692 0.5563357969
-8.5934324051 -5.4806095020
-10.8571467070 -5.9952568605
-3.7953350245 0.7662181660
3.1036298484 0.5291981704
1.2847667690 1.0720116152
-5.6528666843 -0.6420448778
-9.3430507618 -5.2534902310
2.1811635777 1.6742468740
-5.1138128301 0.7262969953
-4.9419209601 1.5785767137
-5.6521511882 0.2321017642
-7.7419331360 -4.7842609334
-5.3496894633 -1.7725831562
1.6742765756 0.9210822713
1.8265804462 -0.2246100682
-8.9208394683 -6.9662850332
2.1148434691 0.3994364792
1.2153301070 1.0418447023
-2.9639797399 -0.0630983762
1.7762856582 0.3505737850
-8.7711172871 -4.8384886930
1.6866870167 0.9186372913
1.7332573551 -2.3470075537
-5.4500198944 -1.1014592455
-4.0797687581 1.5110563477
0.0049417902 -0.3258286736
-4.6555648385 -0.6870674533
-3.2252347570 0.0535164371
-4.1459483312 -1.2689601656
-9.1939994786 -6.6211576432
-8.1911007689 -5.8598901473
2.1028590224 0.5162593885
-4.9681021908 1.0961152388
2.1937478965 1.1729367933
-3.6055366871 0.4564297440
-3.9755727228 -0.8890751997
-9.6536222526 -6.1250724593
-9.1941943690 -5.8922719672
3.4291372059 1.9067045804
1.7226566258 0.3613329373
-9.9956836859 -5.9557332339
-4.3046557104 1.5151407483
1.6449488022 0.5115281487
-9.7975545588 -6.6078450861
-10.2626839010 -7.1992854597
-8.5344743386 -4.7674142763
-9.1998848096 -6.2882141071
-8.7493294966 -6.6633934600
-9.6576867974 -7.5433483380
-7.9390699173 -6.2666494880
-4.3376665959 -0.1105038770
0.8867234532 -0.9382708806
-5.3058554094 -0.4045737570
-8.0302650721 -5.4939597434
-3.9734427599 -0.2134631341
-8.0580820576 -6.9658799938
2.3191298708 1.6981680887
-7.8159565083 -5.8022583220
1.3176802830 0.0678860481
-8.9992524037 -7.2006702499
-6.8859469864 -5.7242977302
-3.3879453784 0.5531733805
-3.9885614482 -1.1579378747
-9.3943621938 -5.7743651832
1.3096058153 1.1946434948
-9.8769781995 -6.8285101723
2.2963636473 0.2531807232
3.2031675695 1.1427620481
-5.3812231348 -0.6341885206
-4.2868578030 -0.1303624601
-10.2117125373 -5.1951080990
-7.3820896521 -5.6341066460
-6.0207581546 -0.5860775768
-10.4962806256 -6.4918470692
-9.0580478397 -5.9063340068
-7.5856796629 -5.3413116263
-4.0527976873 1.9637160502
-4.5738346109 0.3245029947
0.2972024273 0.1558566371
-5.1567114204 -0.7206646410
-3.7963816846 0.1976460119
-8.0268843511 -6.4238566766
-7.6931987747 -5.1620440728
-4.5033245821 -2.5815213552
-8.1323888493 -5.5931886261
3.5473880243 1.4390955228
-4.6715510581 1.2096007944
-4.3619497108 -0.3189021366
-9.7394157202 -5.2881401124
-7.8505980147 -4.7601642240
-5.4684321192 0.0896616409
1.9595690877 1.0393641516
-7.9877760974 -3.8699273652
0.6620631292 1.5930969422
-4.4745801665 0.3110264888
1.3979097829 0.5326173990
-5.6966145013 0.9863116741
-5.0689631527 0.2436521652
-8.7770665568 -4.5737537942
-7.5215212234 -6.0459404675
3.0208590387 1.4633889593
-10.3012608899 -6.0611822137
1.9133824606 -0.8211693434
-3.0967765608 -1.3102034175
4.1096664566 -1.8822655822
-7.9335606397 -6.3627959972
-4.7425520095 1.2488288612
1.5820091291 -0.0322948725
1.6277437632 0.0735902857
-8.9639146830 -4.5146128566
2.0110360774 -0.4525655602
2.0028427731 -0.3300726541
1.8338658463 -0.2245239973
-9.3415323591 -5.4995683050
-3.7603773305 1.1023295579
2.8928156557 -0.6064719715
-8.0773099397 -7.0659252004
0.5684894932 -0.0503691061
1.1180818663 2.0155942095
-7.7409625582 -6.5641138892
1.2006688986 -1.5314225977
-9.7058231611 -4.8155185587
-8.2467245034 -5.4804025684
0.5764354976 1.2730927032
-3.3546871555 0.1592769402
-9.4856538697 -4.9765655332
1.1317058727 -0.4417942154
-9.1420786772 -4.9717321238
2.6292407961 0.5577541278
-4.6505977482 -0.7849349955
-4.1472484023 -0.5121874149
0.4699550696 -2.6141098867
0.5006280861 -0.1139969710
-4.6149559991 -0.8560501323
-8.8078199348 -6.4703455966
-9.0463942993 -5.2328512099
3.6379415523 -0.0116852722
-9.5582602658 -4.2071305826
-8.4150111607 -6.3597459222
-7.3152578530 -5.1115884486
-8.1034431450 -6.0732981666
-7.8373226539 -5.0298698895
-4.7666286422 1.1982449425
-2.6511547185 -0.6918286470
-3.9894071677 -2.1221394805
-3.3700307656 -1.3819734976
1.0906804194 -0.5790309732
-4.5692628547 0.2856293832
-10.3558864303 -6.2050496310
1.8479382544 -0.1652439948
3.1317348897 -0.0688804355
-8.9764834860 -4.2061850749
-4.5176650680 0.7350579918
-4.3362559449 0.6122937319
-9.1576041792 -5.1710616856
-9.1915279538 -5.7376357216
-7.6679846735 -7.1082478367
-5.5407585668 -0.2601760698
-4.0868470876 1.0335862745
0.9716898038 1.0904914286
-8.3676599626 -3.6957102553
2.3049631539 0.4175725744
-9.2176047903 -5.4647593213
-11.0827866261 -6.7601302307
-9.1008025429 -5.2674452120
1.6726921612 -0.3577324390
1.1561087906 0.5195025693
-3.9236536178 0.5703315960
0.6744134061 1.4492355840
-3.3466953347 0.7741416374
1.3204616713 1.8516569039
2.2592279989 -0.9678044076
-10.6741727765 -5.0437622392
1.2001394334 1.3146729211
-8.5044064922 -6.6903516392
2.0173647953 0.0183487657
1.9964205890 0.1883077670
2.9437848196 1.8726601048
0.8517432897 -0.3862455575
-4.8267266495 -0.3904522506
-7.0681381928 -7.0423560498
-3.8667045843 -0.7261572445
-8.2644615615 -4.6988357165
-8.2400163423 -5.4991068384
-5.3601151572 -0.5176649850
2.7099104319 1.3231844533
-7.5114838180 -6.0005104580
-9.8195556949 -4.0553285156
0.5235298071 -1.3024329234
4.5268408202 0.9021530544
0.8692999322 0.1562966688
-6.0372413135 -0.1611702197
-5.0022679151 -0.2418439378
-8.4404723340 -5.1870924447
-7.7617059060 -5.3129394614
-8.3373824688 -5.0048196776
-8.1802597597 -8.0505816917
0.9519528644 -0.0936204227
-9.2906981812 -5.6817258576
-7.9371781751 -4.5144535117
-10.0544841407 -5.4363928525
-9.4742927651 -6.4173477147
-9.8647996342 -5.3331790128
0.8543503913 1.0888136691
-9.7723136371 -5.6926178010
-5.2846430701 2.1130705858
-4.4823246953 -1.1245154528
0.6867330120 1.2158257803
-9.5133880387 -5.5969509141
1.4615865317 0.5530898956
2.6463166892 0.5545699539
-5.8338627558 -0.5186879148
-11.1003989297 -6.3379794007
-10.0273174655 -5.8202485750
0.8895915213 1.6729880109
0.4234219294 -1.0562862711
-8.4981384184 -5.4401221319
1.8190909486 1.2577253160
1.2036994054 2.2891411341
-7.5410227946 -5.1735545690
3.0367639718 -0.2879158418
1.4446539796 1.1590590453
-4.9614200218 0.6956111171
-5.6444811185 0.6398339896
-4.8300416139 -0.9634768131
2.5648574502 1.3721613272
-7.5675097505 -5.6142879213
-2.9869256836 1.2460299199
2.9170808662 -0.1459759615
-9.9587764759 -6.6490588089
-4.9177489111 0.6359909501
-10.2853425760 -6.5422830300
-5.7649163091 -0.6618055173
0.9907594218 2.0191860234
-9.3947225719 -4.3941654585
-9.6019827365 -4.6159514059
-8.7639833907 -4.4554014364
-2.3991839018 -0.2812812694
-4.7897345762 1.1394401572
-8.2895279585 -4.1033300110
1.5159033621 0.6007547077
1.2489280321 1.5314650534
1.9589338782 0.5739474807
-6.0673854659 0.9896645826
-8.9462420665 -6.9145824031
-8.5564791090 -4.7979605228
-8.5818304263 -7.2225616129
-4.3860479674 1.1574675683
-3.5221017482 -0.0686289147
2.3576401034 1.0923793992
-5.6998939602 1.4739650214
3.3182870170 0.5866589531
1.5178397126 -0.3889138174
1.7117274055 -0.9434139465
-4.6414925703 -1.1507769576
-8.5648388636 -5.2482771924
2.8945030705 -0.8053376940
-8.8112760093 -6.1193182658
-4.2267956757 -0.9763434573
-4.2507596932 -0.5352813389
-0.0820106123 0.5342873272
-4.9751413400 -0.2810096121
1.4274338953 0.8271984299
-0.2017372558 -0.7343231289
2.2110318036 0.9575758274
-5.4962433959 -0.4486620650
-8.5468929215 -5.7938369014
-8.8010411392 -6.4912800775
-3.3041503812 -1.0435394855
1.6240301317 2.2877468476
-4.3205757678 1.4935090579
2.5791244334 -0.7317610036
-4.1323458011 0.1597411672
-4.8266519081 1.6171959769
-8.9994436590 -5.1456356582
-4.7275684605 -0.0468139760
-9.0266624337 -3.9446301561
-5.8120055107 -0.0569818304
3.1299567534 -0.0980513634
-10.7404905773 -4.8421830471
-8.9177965039 -4.2373371496
-9.5677798520 -5.9988678180
-4.6681456336 0.7045689756
-10.2492341403 -5.9124538267
-4.3995590735 -0.2243621868
-8.1776014039 -5.2479096546
-9.2810419554 -6.5977747632
-9.6458822510 -6.2751873429
2.1166365553 2.1056953627
2.0809067596 0.8023849101
-8.2234157819 -5.7697344149
1.4392984047 2.0204399587
3.3484612061 -0.9317862765
0.9558327963 -1.2545162014
-6.4277395350 -5.1783567556
-7.4887871462 -6.3795661196
-7.6355497279 -6.3077422220
-9.5280586848 -4.3914480959
1.5894513838 1.4905267717
-10.0301279778 -5.1409807354
-4.0986903597 -0.8346426596
-8.1210221022 -4.3002819802
1.8000513215 0.6525677454
-8.0385596606 -6.2672206303
-3.3987845428 -1.2967666457
-4.2280921047 -1.3436122214
-8.6257763047 -4.3587158688
-9.5222471548 -3.7497944410
-4.8773428080 -1.2752140843
2.1959849856 -0.5734027118
0.3604325598 1.9859663870
2.8945566022 0.2965744038
-4.4599246332 -0.9350972833
-8.1885616624 -6.0116567262
2.3868501358 -2.4575879708
0.8403966210 -0.7215750382
-3.4043103872 -0.4642258114
-5.9349957104 0.3805343653
-10.3044593580 -4.3177928315
-3.3765929231 0.4117787853
3.7371431274 1.2915851300
1.2919006527 1.2810303016
-5.4466470949 0.0386984034
1.3085814002 2.1740010539
-4.4239376054 2.4926646544
1.1999260342 -1.7647592275
1.8852171937 0.3381593266
-10.5978783804 -6.6983314278
1.9575285853 1.3645339917
-4.6142374308 0.9626326789
1.9345008448 0.9259492652
-2.1645282949 -0.9836340871
2.0975882645 0.7723759352
-6.2529380325 -0.2334623677
2.7915945370 1.1655882260
-3.0443028453 2.5468518430
-6.7244984954 -6.2552428548
-7.3688808652 -4.2788595255
0.7950836234 -0.2781762481
-7.2867757433 -5.1775416135
-7.7352572322 -5.7473751204
-9.9405039892 -4.9595888107
1.8356991027 -0.0037910171
-2.0453040488 -0.1936921001
-4.3237585677 1.6424275263
0.8792119757 1.7779915755
1.8046649561 1.0555752320
-9.2925055546 -5.6400080983
-8.3493185239 -5.4408231751
-5.5410135463 -1.0167206994
3.8354149650 0.5484512868
-4.3026233319 0.5980334769
-4.8216610530 -0.5207860360
-9.7094418308 -6.1320820508
-4.9163591713 0.2310342956
-10.2701698033 -5.1998511973
-6.1915302664 0.6285398910
-8.4714464258 -6.8742509932
2.5570818629 1.4549683604
3.0560138671 1.2782016766
3.7884487894 1.7946503047
-5.6406879467 -0.4701293801
-11.0055100406 -5.7644642909
2.0595101492 -0.0950798526
-8.9376118964 -5.0052643044
1.5281203171 1.3448332430
-4.6119143662 0.7468269697
-5.0281992292 1.4852525853
-9.5381163424 -4.9648535261
-6.1522675334 -0.6214849566
-5.3808565082 0.8321585233
2.9461161864 0.5271214792
-9.1695828604 -3.9329983179
-7.9635559752 -5.4670074680
1.3676880518 1.8163360221
-11.5147359047 -6.6949244159
-4.9390781035 0.3507039820
-8.6810651333 -6.1907406564
-2.0438326728 1.6019136799
-7.1943630243 -4.1410555530
-4.5277642464 1.1353975558
2.4321325076 0.5733265312
-8.1995855525 -6.2640260960
-8.5863956596 -6.0726311114
-4.4028552965 -0.0415696275
-4.7663412058 -0.8514313903
-9.3524525669 -4.5347877162
2.1116063560 0.1571497823
-8.3497091195 -4.7890832149
-4.3504742631 0.0093620417
1.6456392844 1.4176903385
-4.3269203442 1.1485587947
-7.3617189756 -4.7888273518
1.4003173201 -1.1511748619
-4.8731462984 -1.2764612400
-8.2755930709 -5.8528106003
2.6388462876 -0.5790237983
-7.5017827709 -4.7061078388
-3.3490023136 0.0976188925
0.4551982599 0.4048329628
0.4276048583 -0.2566872010
3.9262969857 0.1256354575
1.0998433052 -0.3762890143
0.9640823224 0.5463829900
-7.6545864868 -5.6841088711
1.8266537345 0.4911524789
-8.7234779639 -5.9249928440
-0.3763450424 1.1654653571
-8.6383348046 -6.0994036999
3.3110673988 -1.4931267289
-4.6034253471 -0.9071721815
-5.9573615378 0.5767315797
2.6748747578 -0.9233346202
2.5603839343 0.2240652842
-6.4018707340 -1.3442078053
-6.2622822286 -0.2552820370
-10.7475692722 -5.1254956933
0.5992788735 0.0319083000
-5.5894080775 0.3117669330
-11.2166139390 -4.3325778933
-8.1607894893 -4.1189425243
-6.1604317921 -4.0737641412
-8.7985677928 -7.1485600158
-8.9678133460 -5.5003453111
0.9430526696 1.1723657553
-6.5247367843 -0.4591217593
-5.1112844747 -0.1238920656
4.1082843550 0.0329937669
-3.7326979016 -2.1599019505
2.4172625527 -0.5563646621
-8.0040316078 -4.5368160375
-4.5996574567 -0.1343032697
-3.7490007751 -1.1325808163
-0.8733168799 -0.1056867524
-4.1114471174 -0.5103804982
-5.5395269241 1.5112971069
-4.4447893811 -0.9559682111
-3.6834580671 -1.1920567322
-7.6040126725 -7.4266859002
-5.3523879570 1.2984598858
-4.3289820433 -0.6934878741
3.0896278837 1.3637928567
-11.5956963745 -4.7950474459
3.5602281751 1.4054639588
-8.8629626226 -6.2538976803
1.4408413800 -0.0423449488
-4.2274471361 1.0604294764
-9.8013086564 -6.3063707644
-8.9396725195 -5.3808245042
-6.2178637437 -0.2686353412
-4.7500584528 0.5420433817
-10.6817592114 -5.7262769037
-0.1913147060 0.7486994966
1.6805213942 -1.0199997575
2.1086489661 -0.0627274323
-8.1028558933 -5.5516755134
-4.1863574286 -1.1438411111
-10.8277857352 -4.4224548487
3.0919455388 0.6080484405
-5.5297506928 1.2840238081
-8.2463041515 -6.3714842820
-9.2169942008 -4.5971217733
-4.3887984698 0.7713154763
-6.2869951910 -0.6338196633
-3.7488569378 -1.9303541192
-4.0719855181 0.4930271699
-4.5049729295 0.3899951360
0.9709025484 -1.0671325922
-6.6887389578 1.6325543152
3.4373321930 -0.1849622531
-5.8558825913 -0.3220217877
-5.4657132469 0.4680244136
-11.0115219349 -5.3373285611
-4.1678320889 -0.7547436880
1.0666653323 -0.0230304854
-5.6622143745 1.9044755377
2.0888359825 0.2343001413
0.8396944038 0.2267558151
-8.1823512892 -5.2858932861
1.1757075311 1.9359960694
-7.3770922582 -6.4902423019
-6.3102090597 0.4002143930
-6.9217812731 -6.1589213450
3.8459081763 0.8987933665
2.0981606884 0.6637361285
-7.8415784706 -6.3327079238
-3.7022888736 -0.2176386317
3.1488878963 1.4386493017
-9.8679598617 -4.7210118057
-10.5108633333 -5.3804561710
-8.4758948291 -5.4844860228
-4.7254618432 0.2386200203
-9.5537952403 -4.9005113860
2.2892749583 2.2992953479
-4.4254503870 0.6445862056
2.2790168494 0.9993839312
-9.3057078129 -5.0538540300
1.9505040735 0.3062714893
-10.1502575373 -4.1658582258
-9.0741319164 -5.3374120526
-7.8998838606 -6.2323738119
-8.8930079819 -4.1562081584
-4.9141900417 -1.6428493876
0.8323393869 0.5947910601
-9.6129290923 -5.9173058565
-6.4002251238 -0.4842811089
-4.1485236533 -0.9008639693
-7.9428228730 -5.7722211100
1.8564408491 0.9295134037
-8.4159253444 -4.0704848636
1.7922490583 1.2498542357
-4.7667588030 0.3574307722
-5.5542114504 -0.4268981529
-4.7803815306 0.6047107832
2.6507096201 0.3610751632
-3.8099040091 1.8077234091
1.1436344315 1.2740522006
1.7934989511 0.6058226111
-9.5820733713 -6.0794600475
-9.4212725088 -4.6313860227
-8.4656478354 -4.9263532739
-3.9368178100 0.3904771704
-7.6263099712 -3.0340584252
1.8100927356 -0.0880140231
-9.9663055589 -5.8987771714
-3.7602570770 0.4863114569
-9.5632483138 -4.2712872395
-3.1657419540 -0.2451154440
-8.5464960756 -3.8866863147
0.2142910017 1.5996643988
2.8211223906 0.6143159739
-9.4131268062 -4.7038287828
2.6246017714 -0.0219976063
-8.0589364473 -5.5642251915
0.4554420460 1.3920938984
-5.7203576866 2.8601905568
-4.5868051799 -0.6166708241
2.0216125379 -1.0885591816
-5.2914741349 -0.6275645383
0.6987030961 -0.2202953311
-9.6418336913 -6.6256899789
-2.8047862086 0.2189851785
-4.2314594272 -0.7081707467
-3.8620429621 -1.3311150085
-3.9825511988 -0.0382785885
-8.9686691695 -5.7098271121
1.9849866307 1.8115564214
1.9553192992 -0.5290620688
2.5544911503 0.0897413187
1.7877765302 1.3489405121
3.6610619582 0.9881217213
1.1659117102 0.8427558733
-10.9212915041 -5.7799210256
-5.5808624802 2.9259503538
-4.7385601447 -0.1668084496
-9.7456727820 -6.6840910911
2.3055999089 0.0012709493
-2.7668117939 0.7442683632
-4.6709231687 -1.9216833380
-6.2740103357 0.2523573842
3.2515208123 1.0528518731
-5.3776521341 0.1181628640
-9.0560563154 -5.1161647568
2.8988069906 0.4114893506
2.4905662438 -0.1279690055
-4.0688643279 -0.1908105554
-5.1380366464 -0.3147131394
3.8658923839 1.3887001830
1.8303501181 0.6089688161
-10.9738545516 -4.4331439133
-7.6720100499 -4.7440170856
1.4037162749 0.3579229420
3.8746735929 0.5248188673
-9.8585460107 -5.8727848809
-4.8033503377 0.8363811368
-5.1328018954 -0.6804895719
-5.5915888116 0.0315643426
-4.0527831060 0.2327102691
-9.4701150005 -6.6288237160
-5.3645529045 0.4800582875
2.1243257483 0.0859496481
-10.4776546015 -5.4687052506
-9.2560107028 -5.9561845973
-2.8490640620 -0.9064089069
3.0326879769 -0.3928900988
-7.3286572681 -4.4009643697
-6.0854044327 -1.2973550517
-5.6665046397 -1.2783386489
0.8629658999 -0.4963087873
-4.6321130284 -0.4548240158
-8.9100996630 -4.4311668901
-3.1469785145 0.8796423810
-7.5077481277 -5.0232808832
0.7091151140 0.4387707483
1.5668053008 0.7381531338
-5.4438320086 1.3262713594
-5.0856040170 -0.8630766553
-5.3951178640 0.2559907313
-4.6652946523 -0.7756330281
2.7510448511 1.4550433877
1.8600241501 -1.2967818984
-4.4689881334 0.7753863971
-8.7232441546 -4.7556114942
2.2947859351 -1.2219781154
1.5321088432 0.3714226235
-3.7449418880 0.0595943745
2.9475679000 0.5105721527
-3.0200891467 -1.1947278904
-7.3921753153 -6.0389550873
-5.1084230449 -1.0255417800
-9.9060924365 -5.0879003550
-5.1066685294 0.0204944474
-5.2540627516 0.9476051145
-5.6827307793 -0.4624957476
-5.5833225916 0.0520873592
0.4414739065 -0.9289704998
3.5756203022 -0.0524004532
3.1117948779 0.2303369871
-4.4252273789 -0.3556667864
1.6564698273 1.0008503658
2.0908298230 -0.2262601406
-8.5268951381 -3.7610477025
-2.9512144024 -1.6223800156
-9.0654719215 -6.0569587847
1.6359757584 1.0408063233
-4.8513998012 -0.0388233589
-3.7992736711 -1.1466867214
-7.8817547173 -6.3135221658
0.0579789195 -0.8597361269
1.9357245557 1.2024819967
-4.9608679226 0.8036189654
2.6777718111 -1.4491786993
-10.1561538736 -6.9568916655
2.4210509745 -0.5797523281
-7.6718037497 -5.7555736916
-9.0412497636 -5.7503641734
4.2448359112 -0.5714083715
1.3835404166 -0.4468323680
-5.3800317753 1.0276159637
-4.7561416814 0.7381843505
-5.0749791890 -1.0856717083
-9.1140921994 -5.1128484587
-10.9146233935 -6.4518311087
-4.8495508095 -1.2530426158
-3.9644831683 0.1755761219
-8.3628096634 -5.6769975832
-4.5343731086 -1.2319613301
0.9854585815 -0.2962784065
0.4953841756 1.5575020863
-8.2607999834 -4.0978725874
-4.5984557233 0.3839477001
-8.5748635643 -5.0578942539
-8.4938932238 -6.6523291844
-8.4143988034 -4.0737338259
-8.6268776097 -6.4437533946
-3.9585154507 1.3560499213
-6.1795089199 -4.6551615723
-9.2575624265 -6.0985267165
1.7149766949 0.6950996768
-4.5105505125 -0.0968648657
-8.4295158390 -7.7492145163
-3.3616413341 1.2379685315
-9.2973444653 -6.1074872970
2.1354403656 1.1517344891
-9.9887241526 -8.8122450110
-11.0132202939 -4.0830845831
0.8743822759 0.4632696125
3.7297311752 0.5596783604
1.5872434246 0.2541563272
2.8222982194 -0.1057334571
-3.8184560616 1.2586590025
1.4118053600 -1.4254415460
-8.9347025758 -4.5617684466
-4.8665124959 -1.3944383140
-9.5554084830 -3.4865660789
-3.4137833415 -0.1690523761
3.0684988545 0.8914004998
-9.5478670934 -4.9354830041
-9.7175841897 -5.5801618176
-7.8195459894 -2.8296540046
-5.4991410064 0.2226976286
-9.3778878101 -7.7607752928
-7.2219133196 -6.0908060816
-4.8158489648 0.6065687026
-3.6257130744 0.4979683486
2.0777769318 0.3929715256
2.7769614865 0.8018119571
2.2431427524 1.4987826485
-3.9874426243 -0.3031370906
-8.6805370627 -3.0784334477
-5.4178421488 -1.4879758930
-5.2331001737 1.3576673718
-8.5967159763 -5.8783701559
0.6205194211 -0.4735382804
2.1252105102 0.6174836767
-8.3072392760 -4.0854529076
-5.1681158167 0.8697905369
-11.5493343471 -3.0719956519
1.3778145415 2.0179723776
3.8421218736 -1.8390737958
-4.8703092359 -0.2394983087
-8.3957234918 -6.5698449795
-8.8996419967 -5.9830468704
1.7124960463 1.9208181831
2.3944717806 0.5506008242
0.9307643339 -1.0808590629
0.8728421924 0.1862021842
-5.9413417685 2.2599106036
-4.9437295967 1.8774612889
1.7139266599 1.4778151628
-4.1804145050 -0.6659455908
1.5058120399 0.9846288455
-4.4637492633 0.6519486441
-8.4722413025 -5.1571587895
-2.7894878164 1.8177536510
2.0595258243 -0.5502838448
-4.5766281732 0.6307460304
1.3231650717 0.5118111690
-4.5615858732 -0.3573352269
-4.6534730149 0.6880578102
-10.4088409169 -5.8410577129
-11.0017500612 -5.5936376006
-9.6889262286 -6.2302764399
0.2748776347 0.1096895865
-3.0030626943 0.4057122900
-2.7430159073 -1.1833902209
2.3822325302 -0.7336048154
-8.3624027985 -6.3287311308
1.5910037478 1.3266651264
-4.4342388676 -0.9696993427
-9.0809099875 -6.6516637945
0.8237235322 1.1379863764
-2.9263688445 -0.6340421097
1.6552745919 0.6994030432
-8.7073875780 -6.0574521790
-9.1149367081 -5.2622193224
1.3372698467 -0.8735185711
-9.7259899611 -6.5261824433
-3.6090643187 -1.0862162170
-2.9123870430 0.0266214466
-4.1533907506 2.2612704364
1.7706517149 -0.0838365132
2.4059079276 2.6984508453
2.6940431790 0.6888496549
1.6148028049 0.6577425893
1.2727485198 -0.9487980997
3.3242339263 -0.0533471634
1.8259908702 -0.0301332623
-8.6998518020 -4.3661092741
-6.9684600203 -4.8596416632
-9.3073717194 -4.7648671661
-9.9995265674 -4.4830973029
-8.8205033193 -5.9712045258
1.1333069401 -0.1152735601
1.0831034328 0.9919088853
0.9024579513 1.2864904387
1.0635743246 -0.3371041440
3.7644984703 -0.3624782990
-3.4466359052 0.4751665983
-9.5121984375 -6.1168901706
-3.9218638505 -1.7302958858
-2.2544321096 -0.6162060027
1.5905245569 -0.2082691811
-10.4346030974 -4.9594527413
1.0366572810 -1.1684319423
-8.5663765521 -3.9879339788
-9.2625371876 -5.0721192559
-4.1635403666 -1.1511345112
-4.9329562153 0.0575732771
-8.3382616191 -6.7845668584
2.2536169027 -0.4444259996
-10.0393552054 -5.3994750979
-8.5026389067 -4.6086826968
-3.6608557155 0.6109097581
2.3201102870 -0.9360018852
-9.4086748792 -5.7066709259
3.1633003990 0.9049648709
-6.1830919019 0.1610420630
-9.3152087364 -6.6854459795
-8.0670421624 -0.3691917627
-5.6592221379 2.1568128063
-6.0061023215 0.5937898678
2.9809594558 0.4610604703
-10.3587642180 -5.1862690098
3.5834754337 0.9120110780
-8.1304367629 -6.5697990898
-8.0805405959 -6.7084425331
-4.3065929073 -0.6109012548
-3.2996177240 0.1110384327
2.0687110598 1.2456731610
-5.3020208379 0.0206683265
1.7556875511 2.4883866882
-10.0915003718 -8.1239044705
-8.9419868294 -5.0209038071
2.6319722922 1.1158184701
-8.6978257295 -5.3850246053
2.1777448252 -0.2309507731
-4.8132855243 -1.9542014721
3.0774678994 0.4875091674
1.7966787774 0.6267928967
-9.8696673488 -5.6371528088
-8.3915966504 -5.5418524849
3.7426863023 -0.7502231653
-4.2451084223 -1.3437784610
2.1052513891 2.7054122255
1.7039581973 1.6202903517
1.7782310406 1.2252146504
-3.8215061982 0.7201956424
-3.3641560894 2.0416697471
-5.4477021765 0.6031484652
-9.4443409438 -5.3578902391
1.8933646254 0.5795426642
0.7168146290 -0.1496870037
1.8563430357 -0.0281640376
-8.9706622521 -3.5545260026
-2.7405256514 -0.0342520645
-4.7729050986 -1.5886662329
-3.4500489838 1.1658675989
1.5270205571 -0.3195372952
-6.0596246129 -0.2056423501
-4.4881644809 -0.0117397539
-4.5276425735 2.1852364093
-9.8508600424 -5.5860324903
-10.7214317278 -4.6897782885
-5.5970743051 -0.3686157195
-4.4047085596 0.1974768388
-9.3911985867 -6.9766657857
-4.9077260142 -1.3401250294
-8.0647567180 -4.6095260241
-10.3039378518 -3.7748774900
-6.8586411455 -0.6361929662
-5.9987757965 -0.2518763406
-7.2095453277 1.2749859067
2.8464774297 0.4673038210
-3.9682880834 1.1017677829
-9.3627184674 -5.4369309996
-4.0233703806 -0.1575706556
-8.9395467333 -4.7095206507
-8.1077015207 -5.6287441880
1.3797437666 2.4757105846
-9.8306040085 -6.3638109084
-8.8590042801 -5.6559362347
-4.0240521326 0.6331759278
1.1806121781 0.6056272341
2.7066225968 -1.0354411102
1.7439403731 -1.4783882364
-8.5889259731 -4.4963600727
-4.5700558341 1.0675461243
1.7454126630 -0.8214587893
-4.7877856631 0.1193553005
-2.8480127129 -0.3375751719
-8.9676324068 -5.1189402562
-8.3232867765 -5.9084790602
2.1868614038 -0.6138793766
-6.9570165188 -6.1682946692
2.9432409512 1.3199491173
-9.6475219341 -5.2693104484
-7.1519766491 -6.0136836498
-1.8720972292 -0.3579390798
2.3556991831 0.5129841114
-3.3511260006 0.0348986828
-9.4019613493 -6.2598288684
-4.9908684008 -0.5251114195
1.3246744164 0.4733443247
1.4748816164 -1.0882224117
1.5710411616 0.1205357219
-3.3999820410 -0.2898190689
-4.0261692178 0.4420043092
2.2329942648 -1.0733107995
-6.5154455347 -5.3711329327
-4.7794402440 -0.6805117243
-8.6887661613 -5.7171608648
1.9584889188 0.2006335801
-8.7566300898 -4.4432674044
-3.9867474554 0.4864852352
-4.6504316423 -0.2056988352
-9.1611771248 -5.3033992795
-4.6169712181 -0.0190793670
-8.7605576741 -5.6081995937
-3.7962613826 -1.3905334989
1.5213300390 1.8241846883
-3.6869534587 -0.1577770999
2.7889555006 -0.1888947704
-5.0658706380 -0.7023167827
3.2133951919 0.7207612819
-9.4560827267 -4.2712280793
-4.6724234116 0.0580042528
-3.5908248375 0.3256375586
-5.7461729464 -0.4241493123
-10.3531536441 -6.6186621704
1.0873240196 1.0036855068
1.5519882046 0.3785193853
-3.6194728679 -1.3224101533
-10.3656091611 -3.7935495387
2.5599467336 0.2087512480
-4.0964450879 0.2605280233
-10.6374726035 -3.8883182857
1.8238629037 -0.7869159318
-9.2823868531 -5.2444602877
2.1405527205 -0.0163714342
-3.4978714105 -0.7600384201
1.9794114945 1.4626798256
2.4250852111 2.3451827742
-3.6890153902 -0.1010572897
0.1126193743 1.7367712357
2.5780057114 1.2376552708
-3.6896546651 -0.8326553795
2.9854480042 -0.6128006472
-9.1910381349 -4.1124405097
-9.3212401084 -4.3300960001
2.5732636736 0.2791142067
1.1853613065 0.2674420492
0.4279757946 0.2175426796
-3.3418485954 -0.2073121080
-11.0577762201 -4.7543060569
2.6710943404 0.5173468159
-7.5405827861 -1.2655822872
-0.9180907051 -0.5438080147
-10.0751397574 -5.1661406593
-4.5120674513 -0.3148652677
1.8264851067 0.2573872609
3.1326328019 -0.6969622193
-9.6649627923 -3.5173265969
-3.6794062882 -0.4786426760
-10.6815729003 -4.3320999397
-3.9940752120 -0.5905462489
-5.7205973734 -0.1092440633
-6.8087908467 -4.6206295620
-4.1831604520 0.8460823559
3.0255499918 0.4387547971
-10.7264443739 -5.1451796144
-8.6558857335 -4.6963298944
0.7252901280 -0.0829283298
0.0698939020 -2.2019400292
1.3143312117 0.1479628645
-0.0731706117 1.2805904877
-8.5395270610 -4.1795478083
-7.9707907975 -4.9812307229
-9.0135596995 -5.6252642205
1.8451826078 1.5961747917
-4.0778681182 -0.8271732207
-9.4127372805 -5.1981498967
-9.1910947235 -4.1671306495
0.2388600579 0.1107834746
-5.7839169686 -0.4459230235
0.6289111851 2.3199624732
-9.3555054973 -5.6261375923
-10.4553100476 -5.5083888283
-7.3257717803 -5.9446259113
2.9453678698 0.7046136836
-7.4031370270 -4.6972836835
-5.8778594280 -0.4473174759
-10.9229296341 -4.2158324110
-8.5796960027 -7.3770919639
-7.4839720851 -4.9976666333
-9.3481800289 -5.9043059927
-5.1274992720 -1.6465288961
-4.9753486311 -0.4459685717
2.5639547944 -0.2402875547
0.9014051014 0.8857501279
-9.5115334101 -3.7442418206
-8.6155124059 -5.1769375734
-4.8055164780 -0.8786196120
-0.0589522393 -1.9568020300
-9.0977138290 -6.4031776188
-5.1977609075 -0.1519661399
1.8284893075 0.3448472591
-9.7441841361 -6.0832701133
3.2609203245 0.2287215108
-6.8539068455 -1.8942196818
-7.8141062542 -4.9498990080
-4.7747009219 -1.2086883890
-5.5565440058 -1.6018174589
-8.3057254263 -5.0503324260
0.6122599572 0.7950376556
-5.1739816866 1.4999292179
1.2292565135 2.0109660846
-7.3167566694 -4.1149410138
-2.5134353941 0.0982389495
2.4839946149 0.7889239287
1.0034006801 1.2238017387
1.2240343157 0.3125983424
-5.4416675415 0.3084298949
-4.8134440233 -0.0637573076
-5.2917504182 0.2658074587
-0.1556230848 0.5504577471
-8.3529699682 -6.1366150903
-4.8395298501 -0.6175954715
-4.1894017026 0.1604527843
-8.7531883430 -5.1125678902
-10.3883219912 -5.9621698963
-5.5068846584 0.6039869490
-4.2353837527 1.0016743678
-5.3034807045 -0.1402123838
-4.3027728568 1.5800071006
-7.4586833850 -4.8015241598
1.5162341947 -1.4918392198
-3.7034325795 -1.0879775237
-2.6341134746 -0.1477405549
1.8726395593 0.2498089647
-5.9608104919 0.4608156435
-4.0590090032 0.4785730042
2.9019561956 1.5004030839
-9.6145971383 -4.9184871640
-9.4087070728 -5.3718725425
-8.9730956877 -4.4789439949
3.0276128241 0.2863605824
-8.0112833578 -5.5433394818
-8.0415069854 -5.9486998004
2.7651515926 -0.1409931424
-5.5337122300 -0.6939779421
-8.6318579055 -4.7056883303
-9.0467913649 -6.3160210716
-5.4339250991 -0.3104915320
2.4851599534 2.9745596918
-9.8488017587 -4.4863477050
3.4156398478 0.1758434015
1.2847829605 0.6850534594
1.9306932627 0.1524815059
-5.2397024038 -0.4404201311
-8.2967094737 -6.0638877793
2.1624930604 1.8084036134
-8.1790331432 -7.0708759701
-4.1725424861 0.0178260190
2.6677252953 -0.2013134301
-7.3954555190 -6.6976943948
-3.8114201047 -0.1283277286
-4.4331635481 -1.0328923442
-9.4510529897 -6.6340135696
-8.7687391494 -5.9459129841
2.0204384247 0.3177748174
1.0966516739 1.4413211895
-9.5718244059 -5.4437556320
0.2297269169 0.2667143147
-4.7007693771 0.6731093225
-8.5614007377 -6.0442885867
-9.5567519950 -5.1695118110
-3.8462039379 0.6783794911
-10.0116458108 -5.2074541205
1.2939260388 0.9273782958
-3.8493442383 0.8134698543
1.5242164676 1.9368567769
1.1835482948 0.6489042773
0.8454283411 0.8443497239
-5.9271394728 0.4138307526
2.5464661726 0.5619568489
-7.9726457854 -6.7405163297
-5.0091010940 -0.0560871126
-8.7132392136 -5.7962947822
2.1732372642 -0.2212247688
-7.3570771121 -4.4141951758
-10.3119040017 -5.1619008015
-4.3695835410 -0.7559800295
1.0122765583 0.0559706552
-5.8998786567 -0.0052966496
-9.0673637646 -4.9091751704
-4.4490038783 0.5084048136
-4.7270671011 0.6636601795
1.9533077856 -0.2501169265
-9.3546129862 -4.8353583481
-9.9132303015 -5.2340740239
2.2243814548 -1.8406570733
-5.1417588412 -0.5822568107
-5.1852065562 0.7819934795
-5.7014308673 -1.5346998046
-3.5854373520 0.1602561510
-9.1405212124 -5.0748810759
-5.4370584697 1.4742310786
-8.0552940296 -4.6666737312
-7.4967699045 -4.7957782984
1.4091009932 -0.2743662305
0.4032988141 0.1997572014
1.9191813092 1.6789582563
-4.7824497696 -0.1435012327
-8.0215064582 -6.1610221372
-3.8577059475 -0.1858238595
-4.4803750348 0.1125758059
-9.5048348982 -8.0904905446
2.9982474411 3.0653484777
-4.5844857887 0.8279284410
-9.2964537868 -4.1346202365
-7.8803489709 -6.9385140019
-10.2010804137 -6.5254252526
-4.8158309653 -1.2403624692
-5.4719582649 0.3726983679
-4.8801538768 -0.2531659693
2.3794605255 0.0478893853
-2.9601686417 -1.1575386517
-4.3079726133 0.8779004090
1.3312456177 1.1350684034
3.0674968082 2.5242672546
-9.2138004341 -6.3329827491
0.0918691308 -1.4561810511
-7.3236912914 -4.8906027933
-5.1043236304 -0.5379721569
-8.2194009270 -5.0848890862
2.1818857953 0.2767315009
-8.3450524883 -4.7928730410
-9.0423106574 -5.7322637999
-10.3391181738 -6.6044406689
1.7379680527 0.4008131731
1.4872286025 0.0641877645
-3.8187126567 -0.2843870005
0.8890751841 0.7232852297
-9.5519561360 -5.4117251915
-9.1407387202 -6.5423751196
1.1789895378 -0.7614378261
-10.1985352405 -6.0657842768
1.7831905589 1.1089089936
-4.6459688514 2.3125662342
2.2912227122 -1.3820690456
2.3637764123 1.3040705753
-3.8909698452 0.4086797367
-5.5997604796 -0.5677525173
2.1751693647 1.4838674183
-8.7573870894 -5.3566071659
-5.4607216388 0.7796420334
-9.1278234917 -4.7485807599
-9.8205102931 -3.5851898945
-2.5354706758 1.1646684421
-4.1976971776 -0.9652046213
-7.7590789954 -5.6794855942
-3.5660354396 -0.7185363863
-5.0853542019 -0.1812311324
-4.7392574335 -0.3451832391
-9.5445383157 -6.2493667203
-7.6149817274 -6.5881480003
-3.8651978672 0.6118748780
2.5942956023 1.7055721104
-4.1213368716 0.9099245285
-4.6857876256 -0.6444305930
-3.7987824277 -0.1148473861
-4.8849141148 0.2925664578
-4.7613417704 -0.9291386303
-8.8592457933 -6.0642762812
-5.6282600331 -0.0808383712
-9.8082900799 -3.9376337560
-9.3236150493 -5.3953089056
2.3705999425 1.4377201200
1.8241364170 1.4059651168
-2.7913033299 -0.1070870770
-8.7282425663 -4.6285727351
-5.6866806213 1.0234092589
-10.7949204457 -5.3006769110
-8.0014103994 -5.6794735632
2.7843170100 -0.8860014908
-8.9785215615 -5.8797672195
-7.6939188034 -6.6961895076
0.5986982200 -1.0188205997
1.8426597207 0.4178701391
-10.2148036937 -6.6113961076
1.8186958056 0.5195828257
-5.1713818187 0.3752335076
0.9349873136 -0.4685169078
-9.5750126028 -6.4340445179
-9.5710591638 -7.7747566257
-3.3660448367 -0.4355234297
3.8699579239 1.0698598408
2.0050997545 -0.0953739325
-3.3986093093 0.9614810586
1.3346600555 0.4086826008
2.4283468560 -0.5885186903
-7.6318151333 -5.1576751356
2.0166701057 0.5267364570
-4.5078670492 0.2747326958
3.9810797813 -0.8735051533
-8.6213919431 -3.4492490775
1.9556266084 0.8895931966
1.8835486724 0.0716747637
2.4504502331 0.9338874892
-8.4177257962 -6.2295855261
-7.5568336205 -5.3234163848
-9.1869197615 -6.1662362111
-8.5916404545 -7.6593493735
-3.4342427154 -0.9065960885
-8.7165441967 -6.2321897914
-2.9539800435 0.5399278000
-6.0713007740 0.3914950160
-7.3687270639 -4.8712926530
-8.3345319521 -6.1971120627
2.0998947330 0.5848147268
0.5515085886 0.6580577689
5.6767670306 -1.8390846365
-4.5171537612 -0.4039882257
-5.2796989588 0.2431830984
-3.4108747345 -0.7682474720
-9.9585923994 -6.0087563014
1.3805549181 -0.1472686156
2.7477993566 -0.0798507950
2.8745517475 0.2210751413
-4.5035751658 -0.6745302512
1.3990884180 -0.4959326120
-3.4603282477 -0.5614376154
-8.4518103255 -5.0641271810
-3.5227779739 -0.6458360333
1.0717339230 0.0748588874
-9.6714316585 -5.6425456671
2.0048308241 0.7310828467
3.7555143693 0.4211858089
-8.1999735107 -5.8875425432
2.2951818514 0.4229804227
-10.4131857168 -4.8204583122
-3.8745703886 -0.6463624117
-5.0985355981 0.0462952805
-3.1257490079 -0.6397256038
3.5320152314 0.2321568519
4.9646211566 -0.2898954618
1.5467192425 0.5691176391
-8.5620298208 -4.9590691599
2.9597831590 -0.3491250440
1.4466367201 1.8221322249
2.3786114361 2.4690071899
-4.5703237683 0.0733386901
-7.6667421056 -5.3000975903
-9.7636231488 -3.9061150228
-9.4735015638 -5.1214445289
1.8763716803 0.4836851223
-3.9976240433 -0.1332701864
0.6735805100 0.8390783654
-9.2573608039 -5.7265450478
-2.9698630302 0.7031436857
-3.9800746881 -0.7076930488
3.0807300321 1.0742803077
3.1321496518 1.5320183767
-6.4261449029 -4.1378818899
3.9128173711 1.0702860453
-9.8802750905 -6.2536215050
-8.6654154983 -5.8112529514
1.0650223459 0.7383002863
1.7714364240 -0.3181146356
0.1011651667 1.6122145543
-3.7281181040 1.1938793503
1.7974709550 -0.1396516398
-4.8040996030 1.7023236672
-6.5256367978 -0.7738770622
-3.7905601052 0.9493562693
-8.3864434892 -4.3271265014
2.1489679755 0.0056688276
1.5096975143 0.2221191678
-8.7677334110 -4.8445283178
-7.3184002540 -7.0303347462
-3.7734617321 0.3763941354
-9.1004479153 -6.9855853747
-8.7243163470 -6.3791864541
-8.0270441084 -6.4166535490
-0.2834487477 -0.2691668468
-8.9993349661 -5.1542677931
-7.5435183721 -7.2683475842
2.5554203980 1.8141098183
-2.4486580901 0.5107465561
-10.4990692117 -5.5856088308
-3.4075439048 0.6946332250
-9.3448178558 -7.1819691706
-5.1320628573 -0.8116092672
-5.6799026012 1.2177984378
-7.9903663253 -5.3471310461
-4.0758610077 -0.2617484981
-4.3600551246 0.5618072800
-3.9951692323 -0.3735672321
-7.6950368139 -4.0090051185
-6.4307390580 0.3105825303
-7.0225513839 0.2025336172
-10.7086922436 -4.4260160153
-3.1861735315 -0.4445525904
1.2973753429 1.1026736075
-4.3947641388 0.4905250693
3.8795264303 1.7978158954
-7.4458062506 -4.9279437113
0.8107190221 -0.4458080867
1.2537623959 0.3813736792
1.6745173020 1.5551410743
-8.1605610552 -4.7563454674
-4.6417242895 -0.2048438613
1.1418034573 -1.8727258887
-10.2505992884 -6.1106453460
-9.0602122817 -4.1675012021
2.1375978830 1.3939943172
-4.3021648407 0.6207882791
1.2244363477 -0.4868733880
-0.7541468526 -0.3312109381
2.2863984980 -0.3916907817
1.6097902152 1.8989792286
-9.6095256894 -5.6673790941
-4.5558588565 0.0825283839
-5.1141319508 1.4975265077
1.7701995440 2.1935971082
-10.0883331871 -5.0117991479
2.3532281052 -0.0344830584
-8.5271921669 -6.7268762413
-4.0622078501 0.9507732869
1.3610525458 -0.9074918626
-0.3541411081 0.7122416302
1.8857725212 0.0014118569
