-3.4246942057 3.8567145320
-3.6705500234 4.0192266438
-3.5089819428 0.4650364002
-2.4532202706 2.2273312978
-2.1569536545 2.2740997626
0.6634018657 -0.3699380274
-3.8049271203 1.7728197558
-5.3001087785 3.7793031691
-2.3018335377 -0.0820153029
0.2795032767 1.1081724758
3.0405420955 -3.3198853367
0.7578878838 -0.8993317943
-3.1458231444 1.1542145389
0.8559384733 -0.4201613236
-3.4915442008 1.7097063728
-0.9641796219 0.4068562539
0.9998497562 -0.2934680978
1.0291781015 -1.4325380691
-3.2318160574 1.1201696953
-2.3847794479 0.5277775029
-3.1538893421 0.7063443963
1.4083142801 -1.5342011496
-3.5085022548 1.6340331043
-2.2746363969 2.3588957778
-2.0927656344 -0.7825997957
-3.1371832602 3.3823230967
2.2952371306 -2.7981797590
-2.3443653351 2.3312138002
1.3221249233 -1.6815985832
-2.5667496177 -0.2203872038
-2.8412673519 2.5726623883
-3.0833219311 0.4496337277
-3.0182718753 2.9096302762
1.6973534305 -1.2798304831
1.2489814428 -1.2557060445
1.1820049008 -0.8306967680
1.3945185765 -1.9139125263
-2.9437059150 3.1601382898
0.7258939997 -0.5881437526
-3.7038812530 2.0226110858
-4.5137704996 2.5798496440
-2.9618376091 1.0281337946
-2.8039512086 2.4427440626
-3.2850543337 3.2880173355
0.6770251812 0.0799200674
-2.5628436806 0.2300599317
0.1631546970 0.2092758583
-3.7965861246 1.3262870418
-2.7593820298 2.4449846732
-1.8027218327 0.9946230496
-1.7381593567 1.5122812011
-2.9301055084 3.3283262372
-3.1528927487 1.2634351850
-3.5825049552 1.1795003200
-3.6562077132 4.5967792474
0.8827474657 -0.8856782681
-2.8926576415 0.6385350104
-3.6587368714 4.3918847972
-2.1230488101 1.8128020503
-3.4034764947 3.2368690471
-2.2065067905 2.1018964429
-3.9220571354 1.8117980189
-2.3119538586 3.2020691820
1.8546442674 -1.7409736302
-2.2272850514 2.4872704689
-2.7806003357 2.9718560000
-3.1139365760 0.8188179546
1.0483598724 -0.5366763261
-3.1220895722 3.0360863283
-2.3489606778 2.8621926505
-2.6234315131 2.5509741367
-3.2998833143 3.3165420840
-3.0211912191 3.2993609557
1.6090692899 -1.9296144635
-2.9487454797 0.8259768818
-2.2008377271 2.5919890578
-2.5089255963 2.9686606900
-0.4645704907 1.3847692164
1.1634576653 -0.7256855770
-2.7806772827 2.9749063175
-3.0712950878 0.8423031750
-4.2066694597 2.8463050349
-2.2736859693 1.7919605959
0.2904950301 0.1592128216
-3.4361839449 1.6484934558
0.9748728646 -0.9807537055
1.5414877911 -1.2965458987
-3.3262630886 0.9651873705
-4.2462560367 2.9497951626
-3.9050108653 2.1666535033
2.5859715678 -3.5387258528
-4.4125286361 5.1132477745
1.0888487798 -0.9793442893
0.5558484753 0.2714101887
-3.5496955020 3.7703398804
-4.0397581849 4.4442453541
1.5372798678 -1.4440436115
-2.3317577327 2.7062557672
-2.3138705501 2.2723515232
-4.4639254457 3.0293359284
0.8720609019 -0.5885035216
-1.8196382493 -0.5443160674
-3.9023312459 1.7615958478
-2.7521993109 3.1225382573
-3.1281702691 0.3257183380
0.4578327932 -0.5012039252
-3.0643963018 4.2338287057
1.0759847444 -1.1636559652
-2.7775924564 0.1675066769
-2.5638348945 2.3112877057
0.2356241694 0.0257640088
-3.9773443021 1.6240246297
-2.9874947136 0.5610321011
-2.8731709676 0.1433410575
0.0489065768 0.9468988462
-1.3056953216 0.9402567217
0.8243134585 -0.7025032379
-3.5428540358 4.5442514884
-2.5795733749 2.7830391245
-4.4470047838 2.9636433501
0.8669804773 -0.7007838024
-3.9240299380 4.9176794468
0.6592676928 0.0291216570
-2.3455826133 0.0809317743
-2.0063857549 1.6084953754
1.3103774084 -1.0336906628
-3.7597098200 4.8119344082
-2.1352061770 1.7747118807
1.9612709571 -2.0703987373
-4.3672339871 2.4801719862
-3.0984070764 0.3796390863
1.9234260944 -2.6552174925
-1.7870235117 -1.6730288468
0.3205152857 0.2307590702
-2.0535934917 2.2812554188
-3.1607678250 3.6561217132
-3.2502469929 1.4677029521
1.3823724120 -1.3640873824
0.2366470650 0.2110507756
-3.3169563275 3.4434528909
-3.4472343240 4.1229728561
-3.1321560943 3.8276087343
-3.0086036196 2.8816074399
0.2361003348 0.7034266833
-1.9419958789 1.6183403917
-3.5367446121 1.9590064361
1.8752661753 -2.4170612404
-2.6741755738 2.9603186501
-3.0595642910 0.3944377434
0.7471959193 -0.7878782492
-1.8190340045 1.1529912165
-1.8075672631 1.4802027412
1.6550314155 -1.8898971253
-3.4509336118 1.4249843090
2.1153257930 -2.2163165491
1.6367428680 -1.7386954301
-3.2169529731 1.2005028577
1.7694056128 -2.0025042038
-2.7701152309 0.4786769212
2.1107558560 -2.2978647672
1.4934239087 -1.4854625290
1.3225664999 -1.7944042947
1.1101944501 -1.4917770898
0.7054875577 -0.4595226839
-4.8896343286 3.3930148444
-2.9083184914 0.6878845835
-2.2586852663 2.7681647310
-2.4404308826 -0.7713807154
-3.2373900047 1.3497580573
-3.4568789842 3.8531548544
-4.5004145220 3.1372494658
-2.8185634562 1.2570560245
-1.9566571233 1.6555552964
0.9007095055 -0.4207527633
-2.1973306723 2.2647969778
1.0102273820 -0.9649695822
-2.9792745243 0.8697121883
-2.6872028608 3.0308887604
-2.8643117466 2.7953402581
-3.0983655424 3.3127022452
-4.4870313193 4.4258484801
-3.1773139050 0.7177067911
0.5220805569 -0.2078819472
-2.0138736833 1.8255016146
-3.8073345098 4.1567559991
-3.6319592211 3.8621175294
-2.2832684785 -0.1973876983
-4.1617905605 4.7750751693
-2.0270775627 2.4087667116
-1.5615656310 1.3060767759
1.5672698228 -1.6886726157
-2.6200219108 2.8601870792
-2.8930995092 0.8681494417
-2.5951525096 3.3229134950
1.3255347392 -1.4793531878
-2.6346664500 0.2264574729
1.2674317325 -1.7322684454
-3.0901628156 3.4561230324
-3.8591977939 1.4689745357
0.7547805290 -0.6806765279
-3.2026995916 1.6073240844
1.3035007322 -1.5834435778
-4.4012678725 4.6932833096
-2.6121574686 0.1437974273
-2.7037368422 0.6248644933
-0.0797222888 0.9042301292
-3.5238126194 3.9241295844
-2.9868796894 0.7988133436
-4.1535725149 1.8013065563
-2.6221640682 3.0696146198
1.6717021653 -1.5248400708
0.3432609834 0.0959476774
-3.1763784539 3.0516659182
-3.5357705230 1.4697019312
0.6423396850 0.0386606687
-3.4079312391 3.8750202932
-3.6518393231 4.4921772903
-3.5333617989 3.7964486193
-2.7535949883 0.8503460402
-2.5296906557 1.8948206557
0.6419290822 -0.2807149987
1.2030299078 -1.3544225371
-2.5785974781 -0.2593216478
1.1232350253 -1.0059321067
0.3133540656 0.1144378864
-1.7773242211 1.8332936850
0.9372537485 -0.8320383754
-3.3575220316 1.4593693071
0.6504786146 -0.2907008209
2.0140571250 -3.1044185951
-2.8651334730 2.5308531778
-3.0997453825 3.8857046157
0.1362302250 -0.2809257717
-2.5512656701 2.3783271518
-1.9839386685 2.0990457015
-2.0033201150 1.5577855458
-2.8858878524 0.2088243116
-2.5870438523 0.2193104918
1.0681781195 -0.8987066258
-3.4704990694 4.0975321977
0.8549695506 -0.3967344635
-2.3800356892 2.6846704323
-2.0549991756 1.7731761262
-3.3683352050 0.9243825482
-3.1840311328 0.8303469676
1.3064921619 -0.5577132560
0.9002295967 -0.7887216718
-3.6456656803 1.2865311251
-3.2382243639 4.0323662419
0.7915449982 -0.6112008992
-3.2585010642 0.6044411674
-3.2996339297 0.3963546356
-3.2426220682 1.3692982694
-3.0256011811 0.4964164606
-2.5981056126 -0.1102926398
-2.7909072108 -0.2821556468
-2.2674074083 -0.2879263222
-2.5936173971 2.6674688597
0.9230717654 -1.3644594672
-3.0623722321 3.0331848650
-2.6388207732 0.4288781655
-2.3299457784 2.3478011368
-2.0539085097 -0.8082710414
0.7164900183 -0.0287851936
-2.3823908715 0.0295991081
0.7738478015 -0.7810569510
-2.5304648673 -0.4092191824
-1.8485000802 -0.4960493036
-2.2872212632 2.6286129058
-1.9529689958 1.5522315902
-3.3540117196 1.0583078398
0.3082303282 0.1846809541
-3.2165931596 0.4668839763
1.2934626481 -1.2461889322
1.4813832210 -1.0651300735
-3.0143376108 2.8854154914
-2.5545883756 2.6181901690
-4.0880881180 2.0725284387
-2.1872033094 -0.1032776492
-3.4230673228 3.3336065664
-3.7309968577 1.1481935300
-3.0954573586 0.7316777497
-2.4307735762 0.2759599057
-3.2684198759 4.2544398648
-2.9151535269 3.1886881597
0.1170755340 -0.0563480671
-2.8423988097 2.6687511677
-2.3903246201 2.5855548799
-2.2565504911 -0.3660414117
-2.5694807547 0.4972458432
-1.6840520277 0.6663167054
-2.6603748868 0.4093018323
1.5696241867 -1.0316522284
-3.3364951792 4.0054760774
-2.5231806279 2.5052630278
-3.7627298120 1.6925168181
-2.8295533718 0.9400733019
-3.3633566160 3.5580447687
0.7671227335 -0.3615140329
-3.2770025761 1.7863666075
-0.2486178664 0.9366485942
-2.8492622976 3.1140063377
0.6326370117 -0.4359384575
-3.8687900760 4.4677455302
-3.1833046831 3.4349953940
-3.4693853019 1.6888520985
-2.1036364254 -0.3656069063
1.2393796212 -0.6757142846
-3.7884465127 1.3911853453
1.4997549960 -1.9182731167
-1.3481977757 0.8546445731
3.2697124975 -4.2212075440
-2.2247437506 -0.3734019364
-3.3957277492 4.0841236889
0.9756127552 -1.0347555685
0.9601411888 -0.9736030776
-3.6072348965 1.8582328910
1.4084484580 -1.6661999505
1.3533795442 -1.5565543337
1.2074267557 -1.3589875794
-3.4342311006 1.2589457006
-2.7383259908 3.3339038002
2.0078039070 -2.3588157467
-2.0246995031 -0.8813209291
0.3664327974 -0.4048834336
-0.1439504156 1.0065061527
-2.0252632843 -0.6676540172
1.3565852626 -2.0700211761
-3.9355380982 2.0740544644
-2.7760461115 0.5782500591
-0.1698666191 0.7183514838
-2.1059335076 2.2716288453
-3.7357506701 1.7965807850
0.8691077366 -1.0971708713
-3.5287145220 1.5819562331
1.3714338455 -1.1984642995
-2.5082281585 2.2917294977
-2.3135381156 2.2037864727
1.3547449258 -2.5278209847
0.3511655984 -0.4159226895
-2.4574683046 2.2084093933
-2.7126208729 0.0915262040
-3.3637397267 1.2984240816
2.2179031774 -2.3261427254
-4.0945248365 2.4987754872
-2.5188791097 -0.0642749040
-2.3601922529 0.2996359567
-2.4464600631 -0.0184360140
-2.7112008740 0.7016884440
-3.3896920501 4.0563282167
-1.3299450701 1.0981134544
-1.5592434519 0.7307570343
-1.4850855909 0.9674319487
0.9002630656 -1.1880498234
-2.8964777870 3.1526364350
-3.7628536099 1.3033123556
1.1917494015 -1.3174089912
1.9333404342 -2.0526151269
-3.7409901528 2.1291797568
-3.0488496083 3.5029378971
-2.8882946820 3.2827790365
-3.4566580820 1.4219060197
-3.2456362632 0.9604817246
-1.7583835633 -1.1780088562
-3.2643154275 3.3058451501
-2.9088248352 3.4831525449
0.1452460497 0.3110300940
-3.5793366128 2.1767542750
1.2314780426 -1.1115146480
-3.3730729221 1.2097200954
-3.9781002754 1.2928862472
-3.3826940383 1.3035718597
1.1638433633 -1.3699370776
0.4909008232 -0.2931710110
-2.6201325574 2.9843120301
-0.1822830048 0.8061390482
-2.3524758629 2.7907326739
0.0461966492 0.7378944655
1.7701043010 -2.2634749019
-4.4313055871 2.4959918085
0.1925596551 0.3567042505
-2.4380852232 -0.2892113224
1.2197523833 -1.2687596081
1.1375187127 -1.1105294524
1.0251502358 -0.2777263118
0.6760811833 -0.8715691143
-2.7766703735 2.7401753637
-1.4204113101 -1.5037402846
-2.0553831687 1.8427554946
-3.1064012212 1.2558537505
-2.7643174828 0.5580331572
-3.0491404825 2.9713166800
1.1075418617 -0.5972704434
-2.1161055093 -0.3332669053
-4.3155511334 2.7945515028
0.8510220979 -1.4436836303
2.3850134001 -2.1130045721
0.4649285520 -0.4202121952
-3.6068297002 3.7063481976
-2.9442226586 2.9786312051
-3.0138395467 0.9516605026
-2.5494590782 0.4122193210
-3.0256524671 1.0414193461
-1.6847249924 -1.6552269695
0.6173954862 -0.6858975097
-3.3288262913 1.0712857358
-2.9826895250 1.2046729041
-3.8937831024 1.7667222558
-3.1397362379 0.5610341391
-3.8205911720 1.7339483053
0.0745491449 0.3843066337
-3.6173614147 1.3686317569
-4.0788751202 5.1660526295
-2.2670133059 1.8950912143
-0.0793524857 0.5993060881
-3.4989612016 1.2853398234
0.6630037380 -0.4590262859
1.3831238241 -1.2120506777
-3.3369244448 3.2720670984
-4.1614224818 1.6639967465
-3.7203065327 1.4221765579
-0.1428676301 0.8598970327
0.6894781729 -1.1700996373
-2.9454623841 0.7726589865
0.5923805941 -0.0859153935
-0.2037124670 1.1852033282
-2.4721988043 0.3905463733
1.9651238839 -2.1788844252
0.4049359392 0.0683624866
-3.3026770062 3.7518351423
-3.6954081492 4.1391701777
-2.5443903500 2.2537639709
0.9992740084 -0.4631647004
-2.3081062143 0.0316704998
-2.3265559684 2.9639769014
1.8342792284 -1.9816770431
-3.3397283396 0.6719508456
-3.2517325572 3.6732027899
-3.5820515332 0.9708965975
-3.2364636633 3.1061583517
-0.2228750612 1.0906311049
-3.9185631253 2.2352021149
-3.9539656989 2.1780794690
-3.5098177951 1.7814216011
-1.3445232141 1.2876952313
-3.3797045060 4.0209061722
-3.3651389443 1.7795007018
0.6765580829 -0.4529725761
0.1335986234 0.5104641399
0.9570345626 -0.7578923521
-4.0957178480 4.7066640073
-2.6151910598 -0.1990703273
-3.2435189079 1.3572664601
-2.2675772111 -0.6936437499
-3.1414945752 3.7792585924
-2.1145939167 2.1839201646
0.9876107157 -0.5697580535
-4.0701754455 4.8855736994
1.7787934829 -1.6125194097
1.0823889286 -1.2979297730
1.4270620813 -1.8941021765
-2.3531046348 1.9740403873
-3.0644803169 0.9786793920
2.0901420940 -2.5294295286
-2.8582504254 0.3929887289
-2.1721475269 1.8587240928
-2.3670661641 2.2500010433
-0.2683486818 0.5077111748
-2.9117063786 2.9279704341
0.5301504112 -0.2035958340
0.1775220204 -0.4975934321
0.9535403220 -0.5913408450
-3.1601672020 3.1168131274
-2.8304960687 0.5021464198
-2.6999373917 0.0693630041
-1.5833855006 1.2140135831
0.0525639266 0.9164012571
-3.2390645544 4.0240604045
1.8681990928 -2.2659098320
-2.5792084492 2.7671391955
-3.5975064506 4.4517127188
-3.3708379652 1.3428859313
-2.8568537852 2.9700067067
-3.8784601270 2.3841113725
-3.5124087701 3.6517705171
1.9441860398 -2.0763521928
-4.5540708538 2.7100673592
-3.6925508195 2.0652571662
-3.3677155657 0.9773225062
-3.1279275187 3.5727520011
-3.8176079177 1.4848570496
-2.5847153421 2.6098062689
-2.8290564326 0.7324489359
-2.9484004766 0.2841766023
-3.3022480598 0.7914769096
0.4266755205 0.4475670763
0.9378333630 -0.6407989577
-2.6435651664 0.3167452743
0.0494789006 0.8061272815
2.4180074183 -2.9262541025
1.0944196175 -1.6780688958
-1.7929744498 -0.3223454949
-1.9473108813 -0.6708744641
-2.0659603887 -0.5162024388
-4.0007886158 2.3224103119
0.3574931978 0.2587607694
-3.9997534139 2.0030637031
-2.1521534583 1.8979673499
-3.1821000008 1.5043095903
0.8282330437 -0.5897097387
-2.3276980179 -0.2250707653
-1.5374169589 1.0583803067
-2.0227683871 1.5464410141
-3.4652726598 1.7758563927
-4.2596107347 2.8657407251
-2.4457035617 2.0181132938
1.5703688459 -1.8869695760
-0.5927488136 1.4636226448
1.6396279486 -1.5900479667
-2.3308350961 2.0423147963
-2.5234453076 0.0883080012
2.4568811545 -3.6148171157
0.8062870610 -1.1502242022
-1.8811855300 1.7716664089
-3.7661196918 4.1030717912
-4.5032244205 2.8795174672
-2.2225020249 2.5008416414
1.7453744813 -1.2782216300
0.2621378784 0.2696009026
-3.3292660898 3.5007270174
-0.0928298272 1.0202671147
-3.7104761849 4.9416805469
1.4515393676 -2.2684752255
1.0085977456 -0.9119759142
-3.7083766514 1.0368435359
0.6329268759 -0.0829971108
-3.2006490659 3.7584377218
0.7982453400 -0.4422436020
-0.9145954945 0.5395177898
0.9602514663 -0.6770032484
-3.7084892168 3.7820451727
1.2216715196 -0.7836324136
-2.8933375056 4.1095001076
-1.5331922735 -1.0514871280
-2.7332974243 1.0437045984
0.5974254563 -0.7433628355
-2.3158985458 0.2252749520
-2.3557383195 0.0250097263
-4.0193980833 2.1006449656
1.1182893305 -1.1719727719
-1.1650552141 1.1370619336
-3.3018901598 4.1530446115
-0.1921155413 0.9560243428
0.6662591628 -0.2490702217
-3.3469832386 1.1080021793
-2.8546418319 0.6773116548
-2.9551367085 2.6610287633
2.1090081807 -1.9743342930
-2.8620037407 3.2492087182
-2.7202982301 2.6258364726
-3.3994267317 0.9539454864
-3.0853095804 3.3270793555
-4.1217109874 2.1057029810
-4.0235851319 4.4778332405
-2.3428418662 -0.4669762577
0.9606858587 -0.3876185211
1.3364847564 -0.8559745673
1.5708941795 -0.8820072753
-3.2392618977 3.1904755527
-4.3381944948 2.0925236637
1.2917696929 -1.3922939941
-3.3906175346 1.4231904038
0.3797534791 0.1736001911
-3.1109978103 3.5729773529
-3.6661682126 4.4675465372
-3.7724547512 1.8399671106
-3.4885931908 3.3871491565
-3.6136704194 4.1352902733
1.5767285510 -1.4263257568
-3.9701611171 2.4850215255
-2.6092587653 0.4093839423
0.0893685074 0.6777144926
-4.2675358407 1.6234869300
-3.1480607442 3.4435661673
-2.7498342406 0.2491970323
-1.8983423369 2.6669370552
-2.6834751825 1.0500760658
-3.2186831099 3.8506701808
1.2451567068 -1.0596947166
-2.4269635652 -0.1198264180
-2.7405347909 0.2896156965
-2.6614602907 2.7677414456
-2.5514513105 2.3087299558
-3.8353511262 2.0884049113
1.2203312435 -1.2104283555
-3.1213610460 1.2331896974
-2.6504193225 2.7778127270
0.4214560092 0.1608920159
-3.1018819580 3.7340185898
-2.5204263143 0.6043807750
1.3225658575 -1.8729585445
-2.4426407006 2.0143782472
-2.6413390284 0.2791400362
1.8420798557 -2.1737197492
-2.6394556137 0.7640767250
-2.0772645910 2.2154439811
0.1113908482 0.0553205445
0.3650850260 -0.4910787706
2.3371755921 -2.3926606062
0.8229407055 -1.0210395227
0.3630915966 -0.1479964380
-2.3325307610 0.0275853282
0.9104155206 -0.7442585144
-2.8842941109 0.5027587448
-0.7054799978 1.2332057313
-2.7611850350 0.2998594728
2.6247783654 -3.3810073209
-2.4295510451 2.1574849361
-3.8599464058 4.2845759793
2.0047784509 -2.4901942116
1.4659828376 -1.4391054805
-3.3449332918 2.9299203121
-3.7052521515 3.7693924012
-4.4425370700 2.4730409969
0.3515220242 -0.3543420678
-3.5277655801 3.8244188779
-5.0520842718 3.4476572923
-3.2804378767 1.6842261698
-2.0820017031 0.4491676439
-2.4296859749 -0.4925640807
-3.2065631244 1.0203463194
0.0943482344 0.3990631032
-3.7815697859 3.7627102929
-3.0587702199 3.1485969296
2.4857658606 -2.5875071578
-1.3876353154 0.5351233455
1.6980155862 -2.0133256317
-3.0142159829 1.2281719318
-2.7432673271 2.8139817237
-1.8176012633 1.4213273907
-0.4880654839 0.4659162669
-2.2924973724 2.1825332014
-3.9878811202 4.8152990800
-2.3130939877 2.0148854438
-1.7534103076 1.3288929524
-1.5892644276 -1.4902168597
-3.7870116908 4.5147020721
-2.3499653360 2.1649269539
1.3219374115 -0.8044064732
-5.0936041152 3.2947387724
1.5911866136 -1.0684992053
-2.8346672920 0.3111629248
0.8938432386 -0.9534458309
-3.0053338134 3.5955535537
-3.3840508230 0.8638478953
-3.2383131100 1.1043251507
-3.6727705052 3.7297282100
-3.1113058063 3.4863453983
-4.1568560893 1.9189561001
-0.4225115774 0.7600954826
1.4393922354 -1.9395260157
1.3084349042 -1.3959978892
-2.6593824106 0.4258902536
-2.0790611333 1.6901809777
-4.7787937515 3.1234777072
1.6323539922 -1.4501785803
-3.8890069285 4.6153169875
-2.4114474141 -0.1816935016
-3.7274586667 1.9490203750
-2.9852790525 3.4518026369
-3.5655107736 3.4624109379
-1.4913224621 0.7411083124
-2.6787615842 3.0128464875
-2.9000400757 3.2006799234
1.0269703515 -1.5279128288
-4.7365783834 5.6503475098
2.1667123817 -2.3461443018
-3.4307324039 3.4537507658
-3.5164065058 3.8788802161
-4.5164978563 2.4604982789
-2.2268843836 2.0101045037
0.6583176842 -0.6987516869
-4.2232791654 5.2286082254
1.1749339683 -1.1301578919
0.4181090253 -0.3412944451
-2.8164153637 0.7030907892
-0.0763482392 0.9019574395
-1.8341088347 -0.8363426484
-4.0024257548 4.3587380128
-1.6925920289 -0.8437652318
1.9721447969 -1.6823371061
1.0050200356 -0.7699866386
-2.1810891395 -0.4063134835
-2.1632832690 2.1716049209
1.3273808807 -0.7783182110
-4.0728148835 2.2578526491
-4.1942905585 2.1049745798
-2.9137912143 0.7206754352
-2.9722796815 3.2120071779
-3.8083009707 1.9048032000
0.4525406984 0.5027030342
-2.9557593742 3.3670971426
0.9778043384 -0.5989823575
-3.5946797953 1.6161229762
1.0613529335 -0.9807277455
-4.4715390316 2.9108704257
-3.3378612384 1.2269423901
-2.2575832892 -0.2836539219
-3.7106426270 2.1186400580
-2.3178017241 1.7281519807
0.2631534208 -0.0228497711
-3.4285307272 1.0756020328
-3.6955365949 3.6619878715
-2.1553929353 1.8732390781
-2.4718509829 0.1359792423
0.7493005987 -0.3895063352
-3.4554618552 1.8879761052
0.5792697563 -0.0755362258
-3.0459815059 3.3395898565
-3.2043305734 3.1722742841
-3.1553759844 3.5590772790
1.4649118482 -1.3798080970
-3.0568747710 3.9668071549
0.1747939777 0.3580490068
0.8433599574 -0.6253897550
-3.3434586402 0.9177153319
-3.8377205844 2.0498675629
-3.1357652463 1.1899776372
-2.5546025639 2.8393616159
-3.3988740235 2.2688359978
1.1371486777 -1.2274727110
-3.6510816634 1.3163837351
-2.4863770912 2.8086519157
-4.0713271000 2.4472556231
-1.8256427287 1.8065748943
-3.6100450030 2.1278012156
-0.5237033039 1.2273321704
1.4650373000 -1.2724094084
-3.8031449914 1.9829216185
1.6056589699 -1.6897678294
-2.6275329367 0.3872289043
-0.2921293128 0.8968371586
-4.6494204490 6.0804044400
-2.5382196172 2.3945651051
1.6749258784 -2.2151388001
-2.9624476067 2.8339218485
0.5151266111 -0.6326545659
-3.1564726073 0.4900844844
-1.7958170826 1.9724247355
-2.2846344008 2.0903192744
-1.8051938673 1.3240415358
-2.4071158192 2.5029507195
-3.1214314327 0.8423011999
0.4668535835 0.2806221375
1.4058310839 -1.6959423029
1.5173199933 -1.5498692196
0.5360347967 0.0117855641
1.8231701080 -1.4884951273
0.3646934857 -0.0238283897
-4.2806406220 2.0257265956
-4.5914468496 6.0476539016
-2.8144775247 2.8747056563
-3.1957637678 0.5064072384
1.4020816441 -1.4668306307
-1.9874918260 2.3960683117
-2.0558025797 1.3355554849
-3.9199490675 4.2096383734
1.5475609169 -1.1725666248
-3.3197845212 3.5245457790
-3.4173279985 1.4040545993
1.5952275538 -1.4947853732
1.5674483481 -1.6947750126
-2.3972571815 2.4278655667
-2.9970224003 3.0029481989
1.7839903819 -1.2773991396
0.8644917872 -0.6461696719
-4.8632835426 3.2073630660
-2.7275123853 0.8401370503
0.7075979419 -0.5885679621
2.1425537470 -2.0194766182
-3.5961542827 1.2699353631
-3.2640736755 3.7712073648
-2.8442802270 2.6877791526
-3.4145237749 3.5869255373
-2.5606422430 2.7786922586
-3.0507270027 0.3780841479
-3.4597864441 3.8247333819
1.2571811385 -1.2792268678
-4.1380051415 2.0085962733
-3.1955044047 0.8152162027
-1.3626053551 1.0411804706
2.0055658490 -2.2657832914
-2.6589016960 0.9139969813
-3.1715694665 2.7683781182
-2.9245090398 2.5178878560
0.7279107506 -0.9725467092
-2.6319579090 2.5613910375
-3.6086159233 1.8951106797
-2.2741158826 2.7535210755
-2.5133997917 0.4974744473
0.2519836353 -0.0774085069
0.6513449667 -0.3682438921
-3.8540127441 4.5966322476
-2.7409119187 2.5020681340
-3.3867643889 3.6531684522
-2.5209723160 2.3090168533
1.0786516908 -0.5110456350
1.6617618287 -2.2897763598
-3.0357265793 3.5063278549
-3.3622852227 1.4995452447
1.8956616400 -2.5028049876
0.7801852700 -0.6588031819
-2.3025852876 2.4351110506
1.5843783365 -1.4413588595
-1.3487606411 0.9042663512
-2.0278055881 -0.4420027445
-2.6883654894 2.3780896375
-3.9460003080 1.9693463104
-3.1149984806 3.2687522445
-3.5837394861 4.1529860067
-3.2679596834 3.2237510246
-3.4178864504 3.5991591891
0.6484034982 -1.0730520450
2.1966378343 -2.3211754490
1.7988668420 -1.7848273371
-2.5466430855 2.5142071855
0.5984810736 -0.2013730392
1.3644595014 -1.5240698289
-3.6494916225 2.2224327937
-1.1320038061 0.4958283873
-3.0383867309 0.6079919784
0.5696765200 -0.1542612665
-2.9354532037 3.0556590876
-1.8424169701 1.4413090672
-2.2133747965 -0.3643778574
0.3867976973 -0.7698664455
0.6859218555 -0.2072696234
-3.3465030836 3.8435638137
2.2215465044 -2.9403377453
-3.3339361590 0.5351783363
1.7098829384 -2.0356763596
-2.3137844710 -0.0223789653
-3.1490108305 0.8539521806
2.8159626259 -3.1897182419
1.0243701312 -1.2618024168
-3.6930867839 4.3013989671
-3.1952040772 3.6574349375
-2.6434343149 2.3055341182
-3.4539898254 1.4438317548
-4.0018554069 1.4486561450
-2.4378618323 2.0193207601
-2.4835645253 2.6737653310
-2.7662827798 0.4845547956
-2.2547445561 1.8366279753
0.7206407630 -0.8800021839
-0.3354623318 1.0124228879
-3.3498938262 1.7658629937
-2.9544372531 3.2550422981
-3.1484220374 1.1473694549
-2.4472360379 -0.2634894704
-3.4532047643 1.8842343518
-2.6134183701 -0.0010042522
-2.9626028893 3.6763578753
-1.8558870457 -0.0343465394
-3.1382479445 0.6948528911
0.7590879421 -0.4992851411
-2.7043672285 2.7891671500
-1.9595809649 -1.2396070034
-2.5512164267 3.1956757985
-3.1587853916 0.7125418733
0.8281675656 -0.3776872579
-2.4734693995 -1.1531683515
-5.0303627862 3.5308630697
0.3425061413 -0.1617436416
2.0401254297 -1.8974767915
0.8616736565 -0.7938792080
1.7601643910 -1.8870234177
-2.8375774674 3.5041568834
1.4416959431 -2.1140938783
-3.5701829982 1.7994326561
-2.3903669234 1.9095754165
-4.3874123495 3.1112643394
-2.0076380408 2.0293424717
1.5022341166 -1.1936839199
-3.7903955128 1.8712144729
-3.6300476876 1.4296593301
-3.6000045867 2.5661256013
-3.4364336085 3.6910137759
-2.5317918387 -0.6456597219
-1.9030267826 -0.5946086768
-3.1777120988 3.5832423875
-2.4092940909 2.7329292033
1.1033291365 -0.9878444098
1.3615093843 -1.0844469551
0.7517877541 -0.1503887418
-2.3017968984 2.2802645348
-4.0220643860 2.9022032156
-2.6875204497 2.1808485402
-3.7386520957 4.4892310060
-2.8262419806 0.4618001050
0.5711091880 -0.7987748904
1.0403872448 -0.8266402496
-3.3832230840 1.8060178345
-3.4996374508 4.0319264385
-5.7699165434 4.7341785940
0.0130844073 0.8431687297
3.0892928213 -4.0140466295
-2.8649052655 2.8966163474
-2.4212408333 -0.2556710804
-2.9677257392 0.5654247682
0.2564105244 0.5472588269
1.2315379963 -1.0550915322
1.0081648904 -1.5140601545
0.4548557872 -0.3969720405
-4.5384143440 5.7093410858
-3.7751466813 4.7481375524
0.4384146574 0.1686736139
-2.2708463552 2.0938186386
0.5134616976 -0.1192826018
-2.9820686560 3.3977577354
-3.0454052439 0.9974063677
-2.4402103193 3.3256864029
1.4779017535 -1.7803800760
-3.0420687667 3.4515488230
0.5956735965 -0.4060884703
-2.6289139733 2.5996006136
-3.1122504586 3.5493340333
-3.9438962220 1.6473419327
-4.4057542638 2.2357650544
-3.3467967128 0.8571698606
0.1223710006 -0.0814933667
-1.9927861433 2.2578529936
-1.1848400999 0.7375269164
1.7491746840 -2.1421259017
-2.4995562903 -0.0713281382
0.4254368589 0.1180750768
-2.3010612840 1.9964619793
-2.8046171014 0.1108157606
0.0358118353 0.4457272614
-1.5209979388 1.3225998594
0.7210088887 -0.4576056408
-2.8203459978 0.3795885637
-3.3934292410 1.3170259465
1.1706838902 -1.5961069412
-3.2483550550 0.6284979308
-1.7514289777 1.3717608878
-1.7826224247 1.8769350327
-3.4512784106 4.5721595157
1.1114468223 -1.1988001999
0.3602882651 0.7687388742
1.3572541134 -1.1279590837
0.7134220685 -0.4673552123
1.1622127133 -1.6192061568
2.0440951545 -2.1619315289
1.1231541140 -1.1882494131
-3.5073131599 1.8167151754
-2.2522346466 0.2936317679
-3.7138521593 1.8635529741
-4.2501307065 2.5444474681
-2.9244241462 0.5251352578
0.7365748940 -0.8198208263
0.2533321807 0.1560511975
0.0229896419 0.5222036586
0.7848548354 -0.9645416599
2.4383247712 -2.7057805323
-2.2910301873 2.5994763030
-3.2856462161 0.8413174310
-1.6783696835 1.0218133174
-1.1195210337 0.9100014643
1.0527449563 -1.1902008952
-4.3200366830 2.4153407333
1.1083909391 -1.6561380855
-3.5807413418 2.0541416834
-3.5609489061 1.5730656921
-2.0621983717 1.6694361019
-3.0244820651 3.1897651327
-2.2984892858 -0.4753128620
1.5526933284 -1.8137054735
-3.8996743102 1.7885636428
-3.2881568474 1.4843532934
-2.4768521232 2.8515897870
1.7941384407 -2.2751243587
-3.3903974142 1.1251318861
1.5543600468 -1.2424774781
-3.8273024974 4.0739037643
-2.9333389240 0.2311871405
-4.7565946303 4.8213233432
-4.3246338025 5.4418288174
-3.8965723864 4.3301506817
1.6249361359 -1.5048286833
-4.1811604465 2.1736879426
1.8070906009 -1.5039846312
-2.2598736114 -0.4245329643
-2.1728313631 -0.5744985393
-2.3701127901 2.2210801461
-2.0527086423 2.1954427173
0.7491637140 -0.2551167322
-3.2339112717 3.3932761025
0.0506200717 1.0036304217
-2.8174395881 -0.5009009282
-3.3868843696 1.4126426263
1.1449157644 -0.7244354988
-3.0894693805 0.9467670083
1.4192517436 -1.5834052154
-2.1291121537 1.3984710519
1.6728323436 -1.5437246748
0.8367201191 -0.6095364203
-3.6992644758 1.4778999734
-2.8390529602 0.6180982650
2.5835954647 -3.0224583238
-2.0330522156 1.5571331264
0.1745388664 0.9660936991
0.3740955347 0.2964849681
0.5808165226 -0.0876173688
-2.6192676240 3.0470414228
-2.8813613534 3.8824581142
-3.5606986935 3.9826106637
-3.5547031675 1.4451863188
0.9148580605 -0.7113760777
0.4972745467 -0.5839898182
1.1408135459 -1.2058950021
-4.0038973552 2.6810339332
-1.6531815327 1.7156188207
-2.2540059217 1.6843925031
-2.5755183957 3.1904942251
1.0596075772 -1.2446292473
-3.6022628402 3.6826851220
-2.7255545029 2.8474864655
-3.6478642406 4.7456142367
-3.7087250674 1.5095075837
-4.6047913165 2.8278630743
-3.2542363548 3.2492515804
-2.7603283600 2.9727162003
-2.8604938736 0.0312935693
-2.4376464440 1.9821187966
-3.0214283755 1.2048463833
-4.7248928585 3.3420382976
-3.9122986225 3.8243393998
-3.5463417135 3.6045283288
-4.9072070271 5.6770924631
1.5405718383 -1.4138848951
-2.8645778627 3.4657961169
-3.4727305388 1.3258346579
-2.3831721803 2.4272388681
-3.5127174150 1.6765532774
-2.6308186039 0.3632718021
-0.1729006646 1.2321770452
-3.3783865543 0.8335298895
-3.0767520418 0.8184241939
-2.7069051542 3.1018099170
0.4705929384 -0.2353476085
2.0699298911 -2.6059816191
1.6653974738 -2.3706941728
-3.3865753529 1.6350486381
-3.2166681045 3.8197505738
1.3976896750 -1.8115779748
-2.9614294739 3.1500100721
-1.5945489050 1.5254602313
-3.3624008741 1.3453912451
-2.6475917162 0.2620461908
1.5813685406 -1.9156684978
-1.7101946933 -0.8293229493
1.2508102858 -0.7485840092
-3.7145256616 1.6500633845
-1.8920147269 -0.5733861319
-0.9925287846 0.8867599034
1.2233314770 -1.0624755127
-2.0529116639 2.1633250721
-3.1601396090 0.6492725527
-2.8214662064 2.7298787626
0.6123200143 -0.4398436567
1.3421868905 -1.8667626527
0.9064514992 -0.8974795386
-1.9498633371 1.9175980455
-2.6300273611 2.9401778311
1.7972842831 -2.3367201869
-1.7675082194 -0.4308533328
-2.6293052024 2.4627842994
-2.9481550959 0.6578421362
1.1094034085 -1.0758712129
-3.5103057765 1.7870846041
-2.6242325454 2.9530004689
-2.7449635565 2.7854412727
-3.4047218451 1.3113587471
-2.8009125002 2.9232370328
-3.0363809162 0.7964428855
-1.7408810752 1.2315039716
0.1796267768 0.5865859661
-2.1784300527 2.2128751587
1.7738832617 -1.9366927001
-2.7946382500 2.6265573987
1.6601516322 -1.4314110083
-4.0061575876 2.3790765793
-2.8661643251 3.0242582449
-2.3176078619 2.5637992275
-3.3222334220 3.2968345398
-3.5920744031 0.9489544180
0.2510845639 0.1634040122
0.7893770860 -0.6654096242
-1.6611866611 1.1770247770
-4.7547757467 3.3653842558
1.4719784284 -1.4518828368
-2.5985778577 2.8302062153
-4.8814138678 3.4576790639
1.4312907389 -1.8320762556
-3.5025580455 1.4387771518
1.3088894995 -1.3767901761
-1.8171519313 1.5790444239
0.6061096532 -0.0132568847
0.5163979317 0.4553567701
-2.2028758555 2.2625434054
-0.6416146367 1.4089517977
1.0622691508 -0.5862066051
-1.9041309916 1.6392394198
2.0667440295 -2.4231877003
-3.9098435192 2.3457012655
-3.9000569395 2.2430390664
1.4513099207 -1.4003746841
0.6117582539 -0.5266850424
0.1714089071 -0.0870186498
-1.9482333312 1.9509258748
-4.7830210395 2.9869926630
1.4134168882 -1.2595598764
-4.0698118133 3.7219387904
-0.3361656524 0.1209100478
-4.0168488083 2.0102718589
-2.6161546618 2.6042805627
1.0058941998 -0.9434435502
2.1906949836 -2.5886468051
-4.4414819456 3.1547903201
-2.0426441537 1.9345218116
-4.7267898931 3.1074183605
-2.1883167570 2.0394617391
-3.4354322077 3.5490181455
-2.2528272188 0.3957401847
-2.8907505626 3.3846195580
1.6611828681 -1.5522345985
-4.4216375273 2.4428101576
-3.3455469243 1.5071994070
0.4751344799 -0.5324720180
0.9428426697 -1.9217245645
0.7390688263 -0.7106566148
-0.5681172390 1.1383305239
-3.4860610527 1.8736903495
-2.8122830625 0.8281305222
-3.1833162208 0.9429744024
0.4698690700 0.1860118475
-2.1425404247 1.8910783203
-3.6007914022 1.5612489067
-3.8875163945 2.2991121839
0.1000126043 -0.0576293583
-3.3362920540 3.3023023631
-0.5659844307 1.5774318912
-3.3909803029 1.1599376218
-4.1081862236 1.9605385586
-2.0259783445 -0.4038614411
1.5037008041 -1.2745314882
-2.5830529160 0.7087944802
-3.3928713658 3.3609242135
-4.9211573129 3.3602055977
-2.2030948100 -0.8267447947
-2.5094088257 0.5041738482
-3.2727871762 0.9181261475
-2.4460629653 1.8608233960
-2.8443845290 2.7874695712
1.6580184334 -1.8372547412
0.1862027136 0.1812299252
-4.2553634162 2.8636533569
-3.1244764801 1.0717612177
-2.5641667672 2.3104929730
0.7642283669 -1.6307035925
-2.9164399694 0.3333568081
-3.0998989194 3.1797201200
0.9713530489 -0.8701570991
-3.4405201438 1.0176787412
1.8902471663 -1.8811487894
-3.3950401165 2.7488168000
-2.7297755504 0.7550849384
-2.4104626719 2.0094792374
-2.7253518804 2.1721027136
-2.9877849238 0.9824630613
0.0473928290 0.2879856384
-3.7608552532 4.5728746547
-0.0744254857 0.9317785850
-2.7686104436 1.1502643331
-1.5692047510 1.6839893598
1.1885539299 -0.9089101983
0.1100296746 0.4044919662
0.6168214269 -0.5128099211
-3.4365238526 3.7275114743
-2.9021680548 3.0102366567
-3.3278951052 3.5957262251
-0.3197422131 0.5683640838
-2.5723697354 0.0864513576
-2.6915854632 2.5546798908
-2.6142091135 2.8040718475
-3.2345503101 1.2142930595
-3.8818936181 1.5310260313
-3.5970449264 4.0210054107
-2.9861383951 3.5505159591
-3.1690189238 3.2570495604
-3.2636013096 4.0864681389
-2.5742227404 0.6552909974
1.5323732473 -2.2371871015
-1.8081173254 1.4303410793
-1.5420433110 1.5511164146
1.0370706453 -0.9792896052
-3.8146491803 4.1879497581
-2.6649574014 2.9922620425
1.1519113820 -0.5684562697
-3.8379396458 1.9281892206
-3.5273084179 1.4105788154
-3.6274043029 1.8944870489
1.7247482996 -1.6834689378
-2.6070830847 0.3746951912
-2.4597269083 0.0483550106
1.7398163790 -1.8806997002
-3.0826571341 2.9315288312
-3.3271032527 1.4839231591
-2.9210978412 0.3752396000
-3.1787509250 3.1949315657
0.2956062711 0.9536729238
-4.1571089337 2.4457139175
2.0059907427 -2.0247348915
0.5014891930 -0.2339569540
1.1121823308 -1.0992256558
-3.0074715851 2.9605068139
-2.5678804551 0.1126341776
0.5761279307 0.1649206429
-2.0845580984 -0.8207771613
-2.5456360556 2.6717441098
1.7052111195 -1.8700959602
-1.7604576148 -1.0015108564
-2.2661899514 2.3172263027
-2.2745689420 1.9419032777
-3.0370087017 0.3615233547
-2.9032747811 0.5137402432
1.0991937323 -1.0154461287
0.0778197565 0.5305638935
-3.5971487570 1.4531486293
0.0306999369 0.0811215460
-3.1349108917 3.5667023011
-2.7369178544 0.2978650118
-3.7001115640 1.6773541388
-2.6171947125 3.0271161978
-3.9613304207 1.9346258916
0.4079702477 -0.0331883612
-2.6743404669 3.1442844402
0.1353136769 0.6808048474
0.4546841164 -0.2003218792
0.1690771843 0.1815736589
-3.7749545180 4.1264561789
1.3193598799 -1.1421809423
-2.0940797983 -0.6705362434
-3.0243313190 3.1413454000
-2.9306871139 0.6059592581
1.4125328480 -1.5722436385
-2.6707810053 0.9208114508
-4.1626168496 2.1646279732
-2.3491134578 2.1375002676
0.5929287552 -0.5967727774
-3.5869988932 3.7517802981
-3.5088401526 1.5877190577
-2.9144065708 3.2659939903
-3.1470454545 3.5753896632
1.2905530856 -1.4568518848
-3.7137689352 1.8335342237
-3.8905755185 1.8492730266
2.1057950995 -2.9854241157
-2.8898942789 2.7772284026
-3.4741363119 3.9679578316
-2.8409360264 2.3215682932
-2.2467097259 2.4193761686
-3.4855917926 1.4930268243
-3.9103894450 4.7184601537
-2.9923053983 1.1501014757
-2.5997418545 0.6844382041
0.9694023248 -1.1310432051
0.1636688535 -0.0864701668
0.4810375768 0.2094744185
-2.8507073691 2.9225191684
-2.3607459195 -0.1453904413
-2.2708388793 2.2976779599
-2.7716456239 2.9485101610
-2.4742064848 -0.8459287851
0.5706192674 0.7044041350
-3.1274722997 3.6246559299
-3.9649038715 2.3939076749
-1.9569747176 -0.8980985799
-3.5376837872 0.9316209189
-2.4225331398 2.0086624663
-3.4812289896 3.8015877210
-2.8653058139 2.8912320465
1.4279532025 -1.4741119994
-1.3275141032 0.8978215858
-2.9796891539 3.4912100600
0.3457536997 0.1201137783
0.8339825723 0.1990256901
-3.0157618124 0.4671094559
0.6512873731 -1.2999319989
-2.4556786886 0.4934027094
-2.8852277217 2.7911484967
-2.9211403743 0.8980418793
1.2141911876 -1.1532261294
-3.1169786320 1.2269939951
-3.1570570501 0.8700587763
-3.5893508355 0.9521426965
0.8934016667 -0.7648118743
0.8785039007 -0.8921567639
-2.2068172675 2.1888237082
0.2451300534 0.0505734840
-3.5981585008 1.4678060149
-2.8856992863 0.2420792482
1.0285675191 -1.3997816229
-3.7240721486 1.3218592484
0.6313883521 -0.1899292901
-3.7719097579 4.9295022188
1.9589514975 -2.6370190656
0.9047880205 -0.3931913150
-2.5341537753 2.8256897114
-3.1744479846 3.0811912460
0.7165349475 -0.1198276086
-3.1373225076 1.0089149271
-3.6407832171 4.1413662749
-3.6112839446 1.7631240789
-4.5083608124 3.1959676254
-2.0186484989 2.6071842152
-2.1590000027 1.8496940701
-2.3979886598 0.0980544228
-1.8755884455 1.6578244727
-3.0195510194 3.0832044085
-2.7419683362 2.7230793338
-3.2511533971 0.7489668352
-1.9387964145 -0.7683525181
-2.6015573651 2.9825117974
0.8808585146 -0.1976637307
-2.8792440738 3.3996856418
-2.5870848056 2.4339184969
-2.2640136820 2.3206726570
-3.0913392190 3.3595172793
-2.5166372093 2.2392990169
-2.9099380386 0.4704548841
-3.3908736424 3.5144461859
-4.3568204487 2.8877175683
-3.4659604752 1.3364227305
0.8542928353 -0.2835951229
0.5348381103 0.0372515078
-1.6542913299 1.6858534184
-3.4172692335 1.6110322447
-3.8779152008 4.4930477819
-4.3997153406 2.3538405853
-2.5454147957 0.2523506410
2.0560924868 -2.5280454852
-3.0579404590 0.7036945270
-1.9426417218 -0.8102042544
0.7807878557 -1.2497526962
0.9501161666 -0.8169246613
-3.5108807620 0.8670652365
0.8939498305 -0.7149541241
-3.2994112249 3.6123799785
0.7603611875 -0.9947073535
-3.1941817552 0.6109252178
-2.6435901125 -0.5345921952
-1.8696426037 1.7717734575
1.9168301748 -1.5518092479
1.2587896172 -1.3579030552
-2.4606563094 2.9834978269
0.6448334361 -0.5013274552
1.7179057204 -2.0477950602
-2.5339246521 0.4618891710
1.0114616465 -0.8349003951
-2.8546725188 3.1042575803
2.7790282541 -3.2793389885
-3.8344656701 2.5484147925
0.8259622698 -0.4866885364
1.1165421648 -1.1381003058
1.1088750648 -0.7639672662
-2.5737501617 0.0484193727
-2.4205421723 0.2728506688
-3.0675879307 0.5921520543
-2.0949525497 -1.0597736356
-1.7185196154 1.4135885810
-2.7544701633 0.2364488826
-2.0178045933 2.3410264311
-3.8535218224 4.1991979094
-2.4909714735 0.5385383065
-2.5364172200 0.0231367405
1.0383440940 -0.8383737020
0.0664429578 0.2098846429
4.2053953608 -5.1821256598
-2.5828085518 2.5315386815
-3.3113130697 3.5687653837
-1.7608714018 1.5166574717
-3.6014214411 1.2177122120
0.9000691344 -1.0045138575
1.7042605139 -1.8175261675
1.6583280110 -1.6416769668
-2.4639296141 2.2922477383
1.0539046570 -1.3135609593
-1.8755160544 1.7244552892
-3.0710146529 1.0637109581
-1.8789984766 1.6922629929
0.6213764077 -0.6185248726
-3.5764636709 1.3470909946
0.9207066973 -0.6531507438
2.1124369634 -2.0319616377
-2.5811351112 0.2013849702
1.2233164856 -1.1006767876
-4.3638391663 2.5202020955
-2.0927945814 1.9157911146
-3.1206002204 3.2855702667
-1.6399661109 1.4446945457
2.0537618977 -2.0508189690
3.1387365291 -3.4079875231
0.7082404601 -0.4995638503
-3.1810220132 1.2234501354
1.9433199996 -2.1820556100
0.1350266386 0.6323914248
0.4374968424 0.5905096995
-2.8103223691 2.9723272198
-2.4969390265 0.3627065041
-4.3425348134 2.8861500587
-3.6691201543 1.6653297129
0.9437144405 -0.7822787712
-2.3774454195 2.4315637944
0.0666896696 0.2864906001
-3.2902201041 1.0118509073
-2.0942021877 2.4902855193
-2.1319009483 1.9306765482
1.4348995182 -1.0455602440
1.2790217611 -0.6880612644
-2.2174307915 0.5636776651
1.9427292609 -1.5787333652
-3.4536576655 0.9590941711
-2.8954777183 0.5627588479
0.3460274018 -0.0486465748
1.2077151745 -1.3990294674
-0.5976543676 1.3100557943
-2.7561338568 3.3914143626
1.1505837175 -1.2634594946
-3.6185936275 4.5099283705
-3.6534210445 3.4949442485
-2.6941402588 3.2227057023
-3.3325917924 1.6504105087
1.3049971218 -1.3633579104
0.8275982151 -0.7718205017
-3.3529940011 1.4520659080
-1.5775723431 -1.3341565352
-2.4494673990 2.7233509027
-2.6799699976 -0.1614238897
-2.6990947350 0.1160778025
-2.2595928732 -0.3597987996
-0.0623785860 -0.0490091475
-3.3672423594 1.3354575556
-1.6172039169 -1.3937434451
0.8128303675 -0.0803810211
-1.6984627172 1.9944234273
-4.1032334168 1.9225663093
-2.3569836407 2.7616898517
-2.7483344961 -0.1732635737
-2.7902187852 2.5755248525
-3.9532731221 4.6544554485
-2.6745834542 0.5286518998
-2.3725086741 2.3718432799
-2.8821300476 3.2548900110
-2.2777000678 2.2251398908
-3.0420502337 1.4814190141
-4.0391012124 4.3590622007
-4.3549488369 4.6437381849
-4.7048876832 3.0446180382
-1.7565268887 1.6495565292
0.3383943636 0.1140604721
-2.8740994505 3.2162179310
1.6250065137 -0.9372952192
-2.5146989241 0.5393157185
0.6754780141 -0.8962290334
0.6067857046 -0.4731038038
0.3828233517 0.2596873406
-3.0196793920 1.1406741412
-2.7400160570 2.7806264255
1.4603258640 -2.3235151911
-3.7374024098 1.3167615333
-3.8077431409 2.2154669053
0.7304255662 -0.1725265659
-2.8710287390 3.2683160127
0.9439517478 -1.1946413492
-0.3233572423 0.1977772288
1.5510736369 -1.7896181675
0.2028593454 0.5940304848
-3.5286496322 1.2865058118
-2.8052801613 2.9709523057
-3.7234635230 4.5327215313
0.1799811094 0.7430733859
-4.0879816937 2.1502528869
1.4456750404 -1.5276356830
-2.4370127094 -0.3058426919
-2.8599753254 3.3968646516
1.1990428916 -1.6402120813
-0.5066594952 0.8326812150
1.1466239324 -1.1994175679
