-10.8448983723 -7.5535227266
-9.7515735666 -5.2030261982
-11.5102363503 -4.1628432138
-7.7267579487 -5.8665656339
-8.5554513010 -5.0353680034
-8.8171897489 -4.5792563367
-8.8931498032 -5.3274959422
-7.0352854563 -4.6348997279
-9.2909954481 -6.1100153262
-8.9929392116 -4.7992694441
-8.1456911666 -7.0011949548
-8.8201085925 -6.8453897716
-9.4644367663 -6.5406572483
-9.0226947292 -4.3656982598
-10.8136022788 -5.0495253302
-8.1477982102 -4.8788212772
-8.0942158508 -5.7749273934
-10.4308506682 -6.2340843680
-8.4059010576 -4.7955702715
-9.9566453642 -6.0521238864
-8.5361639418 -5.6258439134
-10.0764500364 -5.3999242498
-8.9811043022 -5.7466589881
-8.4245783201 -5.3226466355
-8.8031967792 -5.5862495687
-9.3782848143 -3.6650805775
-8.7313719793 -4.5869686839
-9.4501791059 -5.9252774882
-9.3451238109 -3.5189244045
-9.4584987938 -4.5221995958
-9.9376136512 -3.8680979956
-6.8670920874 -5.7668326011
-10.0908107738 -5.4695348339
-9.8085961785 -6.9430262146
-8.9019835910 -6.4515439900
-10.5561408570 -5.9784123440
-8.9718402770 -6.0421172341
-9.2556806822 -6.7440316241
-9.9857521043 -3.9811037463
-7.6132218586 -5.5906435491
-10.4877526051 -4.9230994266
-9.6250163493 -6.7426805548
-8.5460624577 -8.3446453081
-8.4038771876 -4.5544576313
-8.5717576177 -4.1035439444
-9.4733957561 -6.6120914165
-9.1338386726 -5.1497027815
-8.7169385174 -5.1016719999
-8.3847621716 -5.7002863816
-10.7669586888 -4.0608684268
-8.5097365631 -5.5482220061
-9.2753620935 -7.8316765322
-8.5481362312 -4.8005372163
-9.8872279958 -3.7038898524
-7.3125829357 -3.9865599566
-8.4561083990 -5.2948929142
-9.3503202809 -6.1409914535
-7.8481062117 -6.0925179059
-8.1741712645 -5.0861745672
-8.3369609180 -5.9604356614
-10.4116368023 -6.0523663813
-8.0259495942 -4.1084480357
-8.3935131471 -6.0996272762
-7.9342912056 -5.1923989231
-8.5934324051 -5.4806095020
-10.8571467070 -5.9952568605
-9.3430507618 -5.2534902310
-7.7419331360 -4.7842609334
-8.9208394683 -6.9662850332
-8.7711172871 -4.8384886930
-9.1939994786 -6.6211576432
-8.1911007689 -5.8598901473
-9.6536222526 -6.1250724593
-9.1941943690 -5.8922719672
-9.9956836859 -5.9557332339
-9.7975545588 -6.6078450861
-10.2626839010 -7.1992854597
-8.5344743386 -4.7674142763
-9.1998848096 -6.2882141071
-8.7493294966 -6.6633934600
-9.6576867974 -7.5433483380
-7.9390699173 -6.2666494880
-8.0302650721 -5.4939597434
-8.0580820576 -6.9658799938
-7.8159565083 -5.8022583220
-8.9992524037 -7.2006702499
-6.8859469864 -5.7242977302
-9.3943621938 -5.7743651832
-9.8769781995 -6.8285101723
-10.2117125373 -5.1951080990
-7.3820896521 -5.6341066460
-10.4962806256 -6.4918470692
-9.0580478397 -5.9063340068
-7.5856796629 -5.3413116263
-8.0268843511 -6.4238566766
-7.6931987747 -5.1620440728
-8.1323888493 -5.5931886261
-9.7394157202 -5.2881401124
-7.8505980147 -4.7601642240
-7.9877760974 -3.8699273652
-8.7770665568 -4.5737537942
-7.5215212234 -6.0459404675
-10.3012608899 -6.0611822137
-7.9335606397 -6.3627959972
-8.9639146830 -4.5146128566
-9.3415323591 -5.4995683050
-8.0773099397 -7.0659252004
-7.7409625582 -6.5641138892
-9.7058231611 -4.8155185587
-8.2467245034 -5.4804025684
-9.4856538697 -4.9765655332
-9.1420786772 -4.9717321238
-8.8078199348 -6.4703455966
-9.0463942993 -5.2328512099
-9.5582602658 -4.2071305826
-8.4150111607 -6.3597459222
-7.3152578530 -5.1115884486
-8.1034431450 -6.0732981666
-7.8373226539 -5.0298698895
-10.3558864303 -6.2050496310
-8.9764834860 -4.2061850749
-9.1576041792 -5.1710616856
-9.1915279538 -5.7376357216
-7.6679846735 -7.1082478367
-8.3676599626 -3.6957102553
-9.2176047903 -5.4647593213
-11.0827866261 -6.7601302307
-9.1008025429 -5.2674452120
-10.6741727765 -5.0437622392
-8.5044064922 -6.6903516392
-7.0681381928 -7.0423560498
-8.2644615615 -4.6988357165
-8.2400163423 -5.4991068384
-7.5114838180 -6.0005104580
-9.8195556949 -4.0553285156
-8.4404723340 -5.1870924447
-7.7617059060 -5.3129394614
-8.3373824688 -5.0048196776
-8.1802597597 -8.0505816917
-9.2906981812 -5.6817258576
-7.9371781751 -4.5144535117
-10.0544841407 -5.4363928525
-9.4742927651 -6.4173477147
-9.8647996342 -5.3331790128
-9.7723136371 -5.6926178010
-9.5133880387 -5.5969509141
-11.1003989297 -6.3379794007
-10.0273174655 -5.8202485750
-8.4981384184 -5.4401221319
-7.5410227946 -5.1735545690
-7.5675097505 -5.6142879213
-9.9587764759 -6.6490588089
-10.2853425760 -6.5422830300
-9.3947225719 -4.3941654585
-9.6019827365 -4.6159514059
-8.7639833907 -4.4554014364
-8.2895279585 -4.1033300110
-8.9462420665 -6.9145824031
-8.5564791090 -4.7979605228
-8.5818304263 -7.2225616129
-8.5648388636 -5.2482771924
-8.8112760093 -6.1193182658
-8.5468929215 -5.7938369014
-8.8010411392 -6.4912800775
-8.9994436590 -5.1456356582
-9.0266624337 -3.9446301561
-10.7404905773 -4.8421830471
-8.9177965039 -4.2373371496
-9.5677798520 -5.9988678180
-10.2492341403 -5.9124538267
-8.1776014039 -5.2479096546
-9.2810419554 -6.5977747632
-9.6458822510 -6.2751873429
-8.2234157819 -5.7697344149
-6.4277395350 -5.1783567556
-7.4887871462 -6.3795661196
-7.6355497279 -6.3077422220
-9.5280586848 -4.3914480959
-10.0301279778 -5.1409807354
-8.1210221022 -4.3002819802
-8.0385596606 -6.2672206303
-8.6257763047 -4.3587158688
-9.5222471548 -3.7497944410
-8.1885616624 -6.0116567262
-10.3044593580 -4.3177928315
-10.5978783804 -6.6983314278
-6.7244984954 -6.2552428548
-7.3688808652 -4.2788595255
-7.2867757433 -5.1775416135
-7.7352572322 -5.7473751204
-9.9405039892 -4.9595888107
-9.2925055546 -5.6400080983
-8.3493185239 -5.4408231751
-9.7094418308 -6.1320820508
-10.2701698033 -5.1998511973
-8.4714464258 -6.8742509932
-11.0055100406 -5.7644642909
-8.9376118964 -5.0052643044
-9.5381163424 -4.9648535261
-9.1695828604 -3.9329983179
-7.9635559752 -5.4670074680
-11.5147359047 -6.6949244159
-8.6810651333 -6.1907406564
-7.1943630243 -4.1410555530
-8.1995855525 -6.2640260960
-8.5863956596 -6.0726311114
-9.3524525669 -4.5347877162
-8.3497091195 -4.7890832149
-7.3617189756 -4.7888273518
-8.2755930709 -5.8528106003
-7.5017827709 -4.7061078388
-7.6545864868 -5.6841088711
-8.7234779639 -5.9249928440
-8.6383348046 -6.0994036999
-10.7475692722 -5.1254956933
-11.2166139390 -4.3325778933
-8.1607894893 -4.1189425243
-6.1604317921 -4.0737641412
-8.7985677928 -7.1485600158
-8.9678133460 -5.5003453111
-8.0040316078 -4.5368160375
-7.6040126725 -7.4266859002
-11.5956963745 -4.7950474459
-8.8629626226 -6.2538976803
-9.8013086564 -6.3063707644
-8.9396725195 -5.3808245042
-10.6817592114 -5.7262769037
-8.1028558933 -5.5516755134
-10.8277857352 -4.4224548487
-8.2463041515 -6.3714842820
-9.2169942008 -4.5971217733
-11.0115219349 -5.3373285611
-8.1823512892 -5.2858932861
-7.3770922582 -6.4902423019
-6.9217812731 -6.1589213450
-7.8415784706 -6.3327079238
-9.8679598617 -4.7210118057
-10.5108633333 -5.3804561710
-8.4758948291 -5.4844860228
-9.5537952403 -4.9005113860
-9.3057078129 -5.0538540300
-10.1502575373 -4.1658582258
-9.0741319164 -5.3374120526
-7.8998838606 -6.2323738119
-8.8930079819 -4.1562081584
-9.6129290923 -5.9173058565
-7.9428228730 -5.7722211100
-8.4159253444 -4.0704848636
-9.5820733713 -6.0794600475
-9.4212725088 -4.6313860227
-8.4656478354 -4.9263532739
-7.6263099712 -3.0340584252
-9.9663055589 -5.8987771714
-9.5632483138 -4.2712872395
-8.5464960756 -3.8866863147
-9.4131268062 -4.7038287828
-8.0589364473 -5.5642251915
-9.6418336913 -6.6256899789
-8.9686691695 -5.7098271121
-10.9212915041 -5.7799210256
-9.7456727820 -6.6840910911
-9.0560563154 -5.1161647568
-10.9738545516 -4.4331439133
-7.6720100499 -4.7440170856
-9.8585460107 -5.8727848809
-9.4701150005 -6.6288237160
-10.4776546015 -5.4687052506
-9.2560107028 -5.9561845973
-7.3286572681 -4.4009643697
-8.9100996630 -4.4311668901
-7.5077481277 -5.0232808832
-8.7232441546 -4.7556114942
-7.3921753153 -6.0389550873
-9.9060924365 -5.0879003550
-8.5268951381 -3.7610477025
-9.0654719215 -6.0569587847
-7.8817547173 -6.3135221658
-10.1561538736 -6.9568916655
-7.6718037497 -5.7555736916
-9.0412497636 -5.7503641734
-9.1140921994 -5.1128484587
-10.9146233935 -6.4518311087
-8.3628096634 -5.6769975832
-8.2607999834 -4.0978725874
-8.5748635643 -5.0578942539
-8.4938932238 -6.6523291844
-8.4143988034 -4.0737338259
-8.6268776097 -6.4437533946
-6.1795089199 -4.6551615723
-9.2575624265 -6.0985267165
-8.4295158390 -7.7492145163
-9.2973444653 -6.1074872970
-9.9887241526 -8.8122450110
-11.0132202939 -4.0830845831
-8.9347025758 -4.5617684466
-9.5554084830 -3.4865660789
-9.5478670934 -4.9354830041
-9.7175841897 -5.5801618176
-7.8195459894 -2.8296540046
-9.3778878101 -7.7607752928
-7.2219133196 -6.0908060816
-8.6805370627 -3.0784334477
-8.5967159763 -5.8783701559
-8.3072392760 -4.0854529076
-11.5493343471 -3.0719956519
-8.3957234918 -6.5698449795
-8.8996419967 -5.9830468704
-8.4722413025 -5.1571587895
-10.4088409169 -5.8410577129
-11.0017500612 -5.5936376006
-9.6889262286 -6.2302764399
-8.3624027985 -6.3287311308
-9.0809099875 -6.6516637945
-8.7073875780 -6.0574521790
-9.1149367081 -5.2622193224
-9.7259899611 -6.5261824433
-8.6998518020 -4.3661092741
-6.9684600203 -4.8596416632
-9.3073717194 -4.7648671661
-9.9995265674 -4.4830973029
-8.8205033193 -5.9712045258
-9.5121984375 -6.1168901706
-10.4346030974 -4.9594527413
-8.5663765521 -3.9879339788
-9.2625371876 -5.0721192559
-8.3382616191 -6.7845668584
-10.0393552054 -5.3994750979
-8.5026389067 -4.6086826968
-9.4086748792 -5.7066709259
-9.3152087364 -6.6854459795
-10.3587642180 -5.1862690098
-8.1304367629 -6.5697990898
-8.0805405959 -6.7084425331
-10.0915003718 -8.1239044705
-8.9419868294 -5.0209038071
-8.6978257295 -5.3850246053
-9.8696673488 -5.6371528088
-8.3915966504 -5.5418524849
-9.4443409438 -5.3578902391
-8.9706622521 -3.5545260026
-9.8508600424 -5.5860324903
-10.7214317278 -4.6897782885
-9.3911985867 -6.9766657857
-8.0647567180 -4.6095260241
-10.3039378518 -3.7748774900
-9.3627184674 -5.4369309996
-8.9395467333 -4.7095206507
-8.1077015207 -5.6287441880
-9.8306040085 -6.3638109084
-8.8590042801 -5.6559362347
-8.5889259731 -4.4963600727
-8.9676324068 -5.1189402562
-8.3232867765 -5.9084790602
-6.9570165188 -6.1682946692
-9.6475219341 -5.2693104484
-7.1519766491 -6.0136836498
-9.4019613493 -6.2598288684
-6.5154455347 -5.3711329327
-8.6887661613 -5.7171608648
-8.7566300898 -4.4432674044
-9.1611771248 -5.3033992795
-8.7605576741 -5.6081995937
-9.4560827267 -4.2712280793
-10.3531536441 -6.6186621704
-10.3656091611 -3.7935495387
-10.6374726035 -3.8883182857
-9.2823868531 -5.2444602877
-9.1910381349 -4.1124405097
-9.3212401084 -4.3300960001
-11.0577762201 -4.7543060569
-10.0751397574 -5.1661406593
-9.6649627923 -3.5173265969
-10.6815729003 -4.3320999397
-6.8087908467 -4.6206295620
-10.7264443739 -5.1451796144
-8.6558857335 -4.6963298944
-8.5395270610 -4.1795478083
-7.9707907975 -4.9812307229
-9.0135596995 -5.6252642205
-9.4127372805 -5.1981498967
-9.1910947235 -4.1671306495
-9.3555054973 -5.6261375923
-10.4553100476 -5.5083888283
-7.3257717803 -5.9446259113
-7.4031370270 -4.6972836835
-10.9229296341 -4.2158324110
-8.5796960027 -7.3770919639
-7.4839720851 -4.9976666333
-9.3481800289 -5.9043059927
-9.5115334101 -3.7442418206
-8.6155124059 -5.1769375734
-9.0977138290 -6.4031776188
-9.7441841361 -6.0832701133
-7.8141062542 -4.9498990080
-8.3057254263 -5.0503324260
-7.3167566694 -4.1149410138
-8.3529699682 -6.1366150903
-8.7531883430 -5.1125678902
-10.3883219912 -5.9621698963
-7.4586833850 -4.8015241598
-9.6145971383 -4.9184871640
-9.4087070728 -5.3718725425
-8.9730956877 -4.4789439949
-8.0112833578 -5.5433394818
-8.0415069854 -5.9486998004
-8.6318579055 -4.7056883303
-9.0467913649 -6.3160210716
-9.8488017587 -4.4863477050
-8.2967094737 -6.0638877793
-8.1790331432 -7.0708759701
-7.3954555190 -6.6976943948
-9.4510529897 -6.6340135696
-8.7687391494 -5.9459129841
-9.5718244059 -5.4437556320
-8.5614007377 -6.0442885867
-9.5567519950 -5.1695118110
-10.0116458108 -5.2074541205
-7.9726457854 -6.7405163297
-8.7132392136 -5.7962947822
-7.3570771121 -4.4141951758
-10.3119040017 -5.1619008015
-9.0673637646 -4.9091751704
-9.3546129862 -4.8353583481
-9.9132303015 -5.2340740239
-9.1405212124 -5.0748810759
-8.0552940296 -4.6666737312
-7.4967699045 -4.7957782984
-8.0215064582 -6.1610221372
-9.5048348982 -8.0904905446
-9.2964537868 -4.1346202365
-7.8803489709 -6.9385140019
-10.2010804137 -6.5254252526
-9.2138004341 -6.3329827491
-7.3236912914 -4.8906027933
-8.2194009270 -5.0848890862
-8.3450524883 -4.7928730410
-9.0423106574 -5.7322637999
-10.3391181738 -6.6044406689
-9.5519561360 -5.4117251915
-9.1407387202 -6.5423751196
-10.1985352405 -6.0657842768
-8.7573870894 -5.3566071659
-9.1278234917 -4.7485807599
-9.8205102931 -3.5851898945
-7.7590789954 -5.6794855942
-9.5445383157 -6.2493667203
-7.6149817274 -6.5881480003
-8.8592457933 -6.0642762812
-9.8082900799 -3.9376337560
-9.3236150493 -5.3953089056
-8.7282425663 -4.6285727351
-10.7949204457 -5.3006769110
-8.0014103994 -5.6794735632
-8.9785215615 -5.8797672195
-7.6939188034 -6.6961895076
-10.2148036937 -6.6113961076
-9.5750126028 -6.4340445179
-9.5710591638 -7.7747566257
-7.6318151333 -5.1576751356
-8.6213919431 -3.4492490775
-8.4177257962 -6.2295855261
-7.5568336205 -5.3234163848
-9.1869197615 -6.1662362111
-8.5916404545 -7.6593493735
-8.7165441967 -6.2321897914
-7.3687270639 -4.8712926530
-8.3345319521 -6.1971120627
-9.9585923994 -6.0087563014
-8.4518103255 -5.0641271810
-9.6714316585 -5.6425456671
-8.1999735107 -5.8875425432
-10.4131857168 -4.8204583122
-8.5620298208 -4.9590691599
-7.6667421056 -5.3000975903
-9.7636231488 -3.9061150228
-9.4735015638 -5.1214445289
-9.2573608039 -5.7265450478
-6.4261449029 -4.1378818899
-9.8802750905 -6.2536215050
-8.6654154983 -5.8112529514
-8.3864434892 -4.3271265014
-8.7677334110 -4.8445283178
-7.3184002540 -7.0303347462
-9.1004479153 -6.9855853747
-8.7243163470 -6.3791864541
-8.0270441084 -6.4166535490
-8.9993349661 -5.1542677931
-7.5435183721 -7.2683475842
-10.4990692117 -5.5856088308
-9.3448178558 -7.1819691706
-7.9903663253 -5.3471310461
-7.6950368139 -4.0090051185
-10.7086922436 -4.4260160153
-7.4458062506 -4.9279437113
-8.1605610552 -4.7563454674
-10.2505992884 -6.1106453460
-9.0602122817 -4.1675012021
-9.6095256894 -5.6673790941
-10.0883331871 -5.0117991479
-8.5271921669 -6.7268762413
-5.1981128186 0.6418693164
-5.7522953784 0.4186271114
-4.5709848343 -0.8010174063
-3.5191621529 0.0393448960
-2.5381616963 -1.4182733283
-3.7733390480 -0.0510113945
-5.0001183569 0.2332822984
-4.0472885405 -0.2880679113
-5.3050737289 -0.9441718542
-5.3558787393 -0.5868578941
-4.7132593814 0.1868918857
-5.3875605803 -1.1581643478
-5.6374241586 -0.3532777945
-5.2369185031 -1.0430362563
-4.3753126795 -2.1008262266
-3.3428433216 -0.7225746905
-4.4021522496 0.6165079720
-4.7907664772 1.8141548843
-5.1234360380 1.3253800673
-4.1374398510 -0.9634777450
-6.1092242997 -0.7656151302
-3.9552829839 -0.4883416932
-2.5618627030 1.8427446530
-3.4138602280 0.3680288007
-4.4729754834 0.1454859219
-5.4983529964 -0.5449281262
-3.2219816373 0.9510990070
-4.6204612903 -0.4583412421
-5.6412143907 -0.3226495018
-4.7486186340 0.3237903602
-3.1608173956 0.6798342713
-3.5814018995 0.8075674530
-4.4684011660 0.1524799839
-4.6675899649 -1.3838418055
-6.4694117850 1.1663432861
-5.7473855823 0.1303555355
-6.2980730111 0.5095756944
-3.4120339279 0.6262572075
-4.0398156396 -0.3515311729
-4.1407299311 0.5703544815
-3.4120661432 2.4180396958
-4.8031632070 -0.8759299804
-2.8209887239 -1.0038233141
-4.4998005401 1.9698352237
-4.1083825920 0.1962871929
-5.1667380566 1.9097865604
-4.0757987879 -1.1570908797
-4.7917995370 2.0657552536
-4.2378558364 -1.0831475319
-3.1667072626 0.3109525710
-4.6445674454 0.8199679096
-5.4966779343 -0.0658459437
-4.8510501734 1.2133712848
-4.2786951357 1.2943525129
-5.3683264241 -0.6290239758
-3.8477039440 -0.9752010671
-4.1399949322 0.3806236585
-4.1784720751 -1.7680630586
-3.6226923689 -0.9691939793
-3.0728724522 0.9521616459
-5.3099695193 0.5541590143
-3.8371851485 -0.9236934086
-3.6671470240 -0.0820825484
-4.0712863168 0.5147124903
-5.0286578146 -0.4765478859
-4.9822060515 0.1649956614
-7.8033667202 -0.6361607947
-3.7570180225 -0.6644814136
-5.9860450901 0.4053808439
-5.8736149917 0.1437400613
-6.1771645475 0.9879259268
-2.8773600004 0.6766055844
-3.0864118468 -0.7729438369
-4.1197627603 0.2782811595
-3.3052459368 1.4293315431
-4.7281166699 0.5229794513
-7.0969983015 0.2050517057
-5.4185321692 0.5563357969
-3.7953350245 0.7662181660
-5.6528666843 -0.6420448778
-5.1138128301 0.7262969953
-4.9419209601 1.5785767137
-5.6521511882 0.2321017642
-5.3496894633 -1.7725831562
-2.9639797399 -0.0630983762
-5.4500198944 -1.1014592455
-4.0797687581 1.5110563477
-4.6555648385 -0.6870674533
-3.2252347570 0.0535164371
-4.1459483312 -1.2689601656
-4.9681021908 1.0961152388
-3.6055366871 0.4564297440
-3.9755727228 -0.8890751997
-4.3046557104 1.5151407483
-4.3376665959 -0.1105038770
-5.3058554094 -0.4045737570
-3.9734427599 -0.2134631341
-3.3879453784 0.5531733805
-3.9885614482 -1.1579378747
-5.3812231348 -0.6341885206
1.6039161102 0.7638804061
2.6765673893 3.2987275622
4.7799964495 -0.3244319314
1.0777920748 -0.2499966761
2.1598639165 1.1201529988
2.8353662005 1.7732280495
1.1291553255 -0.8370766785
2.2195308798 -0.1420296418
3.1459976476 -0.9327584634
1.7017610229 -0.7015952320
