-6.1111972130 1.4715306175
-7.4966536124 0.9134251050
-10.8448983723 -7.5535227266
-4.5433772521 -2.1356861892
-1.9138205488 -0.0347804334
1.7713352169 0.6345082659
-9.7515735666 -5.2030261982
-11.5102363503 -4.1628432138
-7.7267579487 -5.8665656339
2.3076608564 1.9019318439
3.3593753865 0.0903520971
1.5082731991 0.1275697248
-8.5554513010 -5.0353680034
2.0493091200 0.8126445622
-8.8171897489 -4.5792563367
0.5386805929 -3.6788259943
2.3870602620 1.1391820876
1.5339548245 -0.1659702764
-8.8931498032 -5.3274959422
-7.0352854563 -4.6348997279
-9.2909954481 -6.1100153262
2.0791426017 0.1815532419
-8.9929392116 -4.7992694441
-2.5492627864 -0.2606711599
-8.1456911666 -7.0011949548
-5.6162110587 0.4500630724
2.5423759856 -0.2138111689
-3.2341365176 -0.8533124517
1.8202576732 -0.0982295531
-8.8201085925 -6.8453897716
-6.3785994887 -2.4935723089
-9.4644367663 -6.5406572483
-6.5056120148 -1.6002874088
2.7574314294 0.8372865211
2.0366242227 0.3131344531
2.2624683622 0.7310583263
1.7558591528 -0.2825718930
-4.8990636199 0.3340870406
1.7017630561 0.4545765386
-9.0226947292 -4.3656982598
-10.8136022788 -5.0495253302
-8.1477982102 -4.8788212772
-6.5848166173 -3.0285535431
-7.2094755629 -1.0163371598
2.1498509458 1.1810212282
-8.0942158508 -5.7749273934
1.4042426503 0.7000645708
-10.4308506682 -6.2340843680
-6.2082114243 -2.7407333142
-4.0541968651 -5.3852082400
-1.4730234705 -1.9395793998
-4.1212957904 1.4081272564
-8.4059010576 -4.7955702715
-9.9566453642 -6.0521238864
-5.0928313594 4.4022445371
1.7251214884 0.2975202411
-8.5361639418 -5.6258439134
-5.9245052615 3.1803074948
-3.4595147939 -2.5418370360
-8.3889759156 -2.0471804990
-3.0041226262 -1.3539969065
-10.0764500364 -5.3999242498
0.4794280760 4.4737189589
2.6520255773 0.4881142020
-1.6505657365 0.7869293283
-4.2983538749 0.2305721312
-8.9811043022 -5.7466589881
2.2746271548 0.9125780209
-6.8617976574 -1.4954629889
-1.1708692598 2.2446048441
-4.6670683923 -1.2789957788
-7.2189511431 -0.9397664279
-4.9874617516 0.6763332269
2.0974820765 -0.0366559721
-8.4245783201 -5.3226466355
-1.0179586554 1.5664430048
-2.0694199151 1.8857759590
1.2987048067 1.3106614319
2.3149716591 0.8318557384
-4.2869180816 0.2480572861
-8.8031967792 -5.5862495687
-9.3782848143 -3.6650805775
-4.7848900786 -3.5927471873
1.5747569705 0.7980437515
-8.7313719793 -4.5869686839
1.8018998716 0.2990979365
2.4869938748 0.6255196356
-9.4501791059 -5.9252774882
-9.3451238109 -3.5189244045
-9.4584987938 -4.5221995958
2.4360477818 -0.7275387920
-9.2894446291 2.7827155416
1.9910975637 0.4412178883
2.1014385177 1.2571733643
-7.4843791221 0.1927461652
-8.8610976943 1.1407965624
2.3633147473 0.4466500842
-1.6459999862 1.4325003452
-3.2154542654 -1.0119706058
-9.9376136512 -3.8680979956
1.9426818813 0.6342843659
-6.8670920874 -5.7668326011
-10.0908107738 -5.4695348339
-3.4677399942 1.2927435302
-9.8085961785 -6.9430262146
1.3282178537 0.2266011454
-1.6460805246 5.9119565659
1.8239982266 0.2083310580
-8.9019835910 -6.4515439900
-5.1238231840 -2.3229676246
1.3785930603 0.5732818811
-10.5561408570 -5.9784123440
-8.9718402770 -6.0421172341
-9.2556806822 -6.7440316241
1.7994938358 1.4278462880
-0.1683869762 -2.6427009589
1.7736657297 0.4412031774
-4.3654165168 4.7914453858
-3.3868716464 0.3575753087
-9.9857521043 -3.9811037463
1.8454353601 0.4958093591
-6.0327603080 4.6413237274
2.0803438931 1.0993205134
-7.6132218586 -5.5906435491
-3.3054121362 -3.0258698728
2.3136507306 0.6502279634
-5.0954140090 5.0312454606
-3.7105547575 -2.8410115031
2.5672607336 0.2316077000
-10.4877526051 -4.9230994266
-9.6250163493 -6.7426805548
2.0419618357 -0.5036761428
-8.5460624577 -8.3446453081
1.6809205729 0.9192880354
-1.0326833231 0.6442387540
-4.7273337800 1.9167771006
-8.4038771876 -4.5544576313
2.1709679595 0.3498983580
1.5269239582 0.7927242697
-6.8576100022 -0.2977575329
-5.2435406000 2.9002855385
-3.8126530058 3.1027386088
-6.5367312268 -1.7057026129
1.9157065787 1.3718407634
-2.7351750265 -2.5711453413
-8.5717576177 -4.1035439444
2.1509745113 -0.2825893872
-3.4659024969 0.8184164728
-9.4733957561 -6.6120914165
1.5788379287 0.2456338271
-3.5620953542 -4.5533003199
-2.1726460886 -2.5561276219
2.2047622389 0.0667548862
-9.1338386726 -5.1497027815
2.7059960543 0.2496365582
2.2942493249 0.2222620704
-8.7169385174 -5.1016719999
2.3043802267 0.0751071619
-8.3847621716 -5.7002863816
2.6339144475 0.1479787647
2.2581634717 0.3438311283
1.7317076727 -0.2305181337
1.6207634229 -0.1358843590
1.7698840500 0.5808842000
-10.7669586888 -4.0608684268
-8.5097365631 -5.5482220061
-0.7980962969 2.2472614412
-9.2753620935 -7.8316765322
-8.5481362312 -4.8005372163
-6.3908389647 1.2522548623
-9.8872279958 -3.7038898524
-7.3125829357 -3.9865599566
-2.7088780378 -2.4423761950
2.1227218644 0.8671225251
-2.2837827264 -0.3383490444
1.8727337888 0.3612540964
-8.4561083990 -5.2948929142
-3.2941309584 1.1536385522
-5.6875597030 -1.3245123883
-5.5714302952 0.2793464800
-12.6243319670 -1.7235446603
-9.3503202809 -6.1409914535
1.6663851032 0.6511751928
-2.5084602227 -1.7943462076
-8.0810278916 0.8803094363
-7.7999526456 0.2262074797
-7.8481062117 -6.0925179059
-8.5588265352 2.3366721435
-0.3093151675 1.5583712874
-0.8319447834 -2.0655022657
2.2191953493 0.1955493422
-3.4153220672 0.5625602252
-8.1741712645 -5.0861745672
-1.3790300084 3.4401861841
1.9859491469 0.1441237931
-8.3369609180 -5.9604356614
1.6899013306 -0.2252972895
-4.9362068413 1.1743059547
-10.4116368023 -6.0523663813
1.6761974748 0.3812147268
-8.0259495942 -4.1084480357
1.8672077351 -0.0056003828
-10.8584109203 0.3794865907
-8.3935131471 -6.0996272762
-7.9342912056 -5.1923989231
1.5534617874 1.2190841991
-6.6622455896 1.2576968188
-8.5934324051 -5.4806095020
-10.8571467070 -5.9952568605
-2.6042527278 1.7824027414
2.5211920859 0.5171671480
1.6117605462 0.7885738705
-7.2480818773 -1.7382548681
-9.3430507618 -5.2534902310
2.0599589506 1.0896914998
-5.9004472416 1.6825998146
-5.4707175668 3.8132991108
-7.2462931369 0.4471117369
-7.7419331360 -4.7842609334
-6.4901388248 -4.5646005639
1.8065154496 0.7131091985
1.8826673848 0.1402630288
-8.9208394683 -6.9662850332
2.0267988963 0.4522863025
1.5770422153 0.7734904140
-0.5258645162 -0.2908886140
1.8575199909 0.4278549553
-8.7711172871 -4.8384886930
1.8127206701 0.7118867085
1.8360058393 -0.9209357140
-6.7409649024 -2.8867907873
-3.3153370618 3.6444981958
0.9718480569 0.0896537260
-4.7548272626 -1.8508113069
-1.1790020589 0.0006484193
-3.4807859944 -3.3055430876
-9.1939994786 -6.6211576432
-8.1911007689 -5.8598901473
2.0208066730 0.5106977571
-5.5361706434 2.6071454234
2.0662511100 0.8390364595
-2.1297568842 1.0079316864
-3.0548469735 -2.3558306727
-9.6536222526 -6.1250724593
-9.1941943690 -5.8922719672
2.6839457647 1.2059203530
1.8307054747 0.4332345315
-9.9956836859 -5.9557332339
-3.8775544425 3.6547091973
1.7918515629 0.5083321372
-9.7975545588 -6.6078450861
-10.2626839010 -7.1992854597
-8.5344743386 -4.7674142763
-9.1998848096 -6.2882141071
-8.7493294966 -6.6633934600
-9.6576867974 -7.5433483380
-7.9390699173 -6.2666494880
-3.9600816561 -0.4094023661
1.4127388884 -0.2165673775
-6.3805536900 -1.1445770660
-8.0302650721 -5.4939597434
-3.0495220661 -0.6668005088
-8.0580820576 -6.9658799938
2.1289420972 1.1016521072
-7.8159565083 -5.8022583220
1.6282173033 0.2865110869
-8.9992524037 -7.2006702499
-6.8859469864 -5.7242977302
-1.5857786124 1.2497907778
-3.0873187870 -3.0279873604
-9.3943621938 -5.7743651832
1.6241800694 0.8498898102
-9.8769781995 -6.8285101723
2.1175589854 0.3791584244
2.5709609465 0.8239490869
-6.5689730035 -1.7186139751
-3.8330596739 -0.4590488238
-10.2117125373 -5.1951080990
-7.3820896521 -5.6341066460
-8.1678105529 -1.5983366156
-10.4962806256 -6.4918470692
-9.0580478397 -5.9063340068
-7.5856796629 -5.3413116263
-3.2479093846 4.7761474520
-4.5505016937 0.6781148133
1.1179783754 0.3304963814
-6.0076937173 -1.9348042760
-2.6068693780 0.3609723561
-8.0268843511 -6.4238566766
-7.6931987747 -5.1620440728
-4.3742266217 -6.5869460616
-8.1323888493 -5.5931886261
2.7430711739 0.9721158243
-4.7947928116 2.8908593125
-4.0207894434 -0.9303980149
-9.7394157202 -5.2881401124
-7.8505980147 -4.7601642240
-6.7869954645 0.0910114287
1.9491617056 0.7722501386
-7.9877760974 -3.8699273652
1.3004087264 1.0491165339
-4.3023655828 0.6444235484
1.6683320532 0.5188767623
-7.3574514197 2.3326365117
-5.7883230482 0.4759877395
-8.7770665568 -4.5737537942
-7.5215212234 -6.0459404675
2.4798066811 0.9842625425
-10.3012608899 -6.0611822137
1.9260683921 -0.1580166089
-0.8578565685 -3.4086512174
3.0242103901 -0.6885647283
-7.9335606397 -6.3627959972
-4.9722951903 2.9889294795
1.7603817263 0.2364206266
1.7832490434 0.2893632057
-8.9639146830 -4.5146128566
1.9748952005 0.0262852827
1.9707985483 0.0875317358
1.8863100849 0.1403060642
-9.3415323591 -5.4995683050
-2.5168584927 2.6226812212
2.4157849896 -0.0506679229
-8.0773099397 -7.0659252004
1.2536219084 0.2273835098
1.5284180949 1.2603651676
-7.7409625582 -6.5641138892
1.5697116111 -0.5131432360
-9.7058231611 -4.8155185587
-8.2467245034 -5.4804025684
1.2575949106 0.8891144144
-1.5026330553 0.2650496769
-9.4856538697 -4.9765655332
1.5352300981 0.0316709551
-9.1420786772 -4.9717321238
2.2839975598 0.5314451267
-4.7424095369 -2.0954801622
-3.4840361721 -1.4136112107
1.2043546966 -1.0544868805
1.2196912048 0.1955695773
-4.6533051642 -2.2732680043
-8.8078199348 -6.4703455966
-9.0463942993 -5.2328512099
2.7883479379 0.2467254267
-9.5582602658 -4.2071305826
-8.4150111607 -6.3597459222
-7.3152578530 -5.1115884486
-8.1034431450 -6.0732981666
-7.8373226539 -5.0298698895
-5.0324867721 2.8624696828
0.2561980373 -1.8627142910
-3.0894330856 -5.4384913748
-1.5409920804 -3.5880764176
1.5147173715 -0.0369474238
-4.5390723033 0.5809307844
-10.3558864303 -6.2050496310
1.8933462890 0.1699460654
2.5352446066 0.2181278451
-8.9764834860 -4.2061850749
-4.4100778365 1.7045023060
-3.9565550287 1.3975916562
-9.1576041792 -5.1710616856
-9.1915279538 -5.7376357216
-7.6679846735 -7.1082478367
-6.9678115833 -0.7835828480
-3.3330328853 2.4508230126
1.4552220637 0.7978137771
-8.3676599626 -3.6957102553
2.1218587387 0.4613543501
-9.2176047903 -5.4647593213
-11.0827866261 -6.7601302307
-9.1008025429 -5.2674452120
1.8057232424 0.0737018433
1.5474315571 0.5123193475
-2.9250492110 1.2926863166
1.3065838648 0.9771858548
-1.4826535032 1.8022114200
1.6296079974 1.1783965148
2.0989911612 -0.2313341410
-10.6741727765 -5.0437622392
1.5694468785 0.9099045234
-8.5044064922 -6.6903516392
1.9780595594 0.2617424457
1.9675874563 0.3467219463
2.4412695716 1.1888981153
1.3952488066 0.0594452841
-5.1827317902 -1.1092733001
-7.0681381928 -7.0423560498
-2.7826766273 -1.9485357847
-8.2644615615 -4.6988357165
-8.2400163423 -5.4991068384
-6.5162030595 -1.4273051360
2.3243323777 0.9141602895
-7.5114838180 -6.0005104580
-9.8195556949 -4.0553285156
1.2311420653 -0.3986483989
3.2327975719 0.7036445900
1.4040271279 0.3307163972
-8.2090184503 -0.5360682228
-5.6215849543 -0.7377525181
-8.4404723340 -5.1870924447
-7.7617059060 -5.3129394614
-8.3373824688 -5.0048196776
-8.1802597597 -8.0505816917
1.4453535940 0.2057578515
-9.2906981812 -5.6817258576
-7.9371781751 -4.5144535117
-10.0544841407 -5.4363928525
-9.4742927651 -6.4173477147
-9.8647996342 -5.3331790128
1.3965523574 0.7969748974
-9.7723136371 -5.6926178010
-6.3275228416 5.1495337911
-4.3217269046 -2.9444313056
1.3127436678 0.8604809530
-9.5133880387 -5.5969509141
1.7001704276 0.5291130106
2.2925355064 0.5298530398
-7.7005720559 -1.4298624606
-11.1003989297 -6.3379794007
-10.0273174655 -5.8202485750
1.4141729224 1.0890620683
1.1810881265 -0.2755750727
-8.4981384184 -5.4401221319
1.8789226361 0.8814307208
1.5712268645 1.3971386299
-7.5410227946 -5.1735545690
2.4877591476 0.1086101419
1.6917041516 0.8320975855
-5.5194652209 1.6058851193
-7.2271179627 1.4664423004
-5.1910192012 -2.5418347063
2.2518058869 0.9386487265
-7.5675097505 -5.6142879213
-0.5832293754 2.9819321262
2.4279175948 0.1795800821
-9.9587764759 -6.6490588089
-5.4102874441 1.4568347017
-10.2853425760 -6.5422830300
-7.5282059393 -1.7876564667
1.4647568726 1.2621610745
-9.3947225719 -4.3941654585
-9.6019827365 -4.6159514059
-8.7639833907 -4.4554014364
0.8861250790 -0.8363458470
-5.0902516069 2.7154577196
-8.2895279585 -4.1033300110
1.7273288428 0.5529454167
1.5938411778 1.0183005895
1.9488441009 0.5395418032
-8.2843788312 2.3410187831
-8.9462420665 -6.9145824031
-8.5564791090 -4.7979605228
-8.5818304263 -7.2225616129
-4.0810350851 2.7605262471
-1.9211695370 -0.3047149603
2.1481972135 0.7987577624
-7.3656500669 3.5517698800
2.6285206703 0.5458975394
1.7282970180 0.0581111541
1.8252408645 -0.2191389104
-4.7196465923 -3.0100850675
-8.5648388636 -5.2482771924
2.4166286970 -0.1501007842
-8.8112760093 -6.1193182658
-3.6829043557 -2.5740013167
-3.7428143995 -1.4713460208
0.9283718556 0.5197117264
-5.5537685164 -0.8356667037
1.6830941094 0.6661672778
0.8685085339 -0.1145935016
2.0748930636 0.7313559765
-6.8565236563 -1.2547978360
-8.5468929215 -5.7938369014
-8.8010411392 -6.4912800775
-1.3762911194 -2.7419913872
1.7813922276 1.3964414867
-3.9173545860 3.6006299712
2.2589393784 -0.1133124390
-3.4467796691 0.2662102444
-5.1825449368 3.9098472687
-8.9994436590 -5.1456356582
-4.9348363178 -0.2501776134
-9.0266624337 -3.9446301561
-7.6459289431 -0.2755972495
2.5343555385 0.2035423811
-10.7404905773 -4.8421830471
-8.9177965039 -4.2373371496
-9.5677798520 -5.9988678180
-4.7862792505 1.6282797654
-10.2492341403 -5.9124538267
-4.1148128502 -0.6940481406
-8.1776014039 -5.2479096546
-9.2810419554 -6.5977747632
-9.6458822510 -6.2751873429
2.0276954394 1.3054157442
2.0098305416 0.6537605179
-8.2234157819 -5.7697344149
1.6890263641 1.2627880422
2.6436077648 -0.2133250754
1.4472935599 -0.3746900378
-6.4277395350 -5.1783567556
-7.4887871462 -6.3795661196
-7.6355497279 -6.3077422220
-9.5280586848 -4.3914480959
1.7641028537 0.9978314487
-10.0301279778 -5.1409807354
-3.3626410656 -2.2197493225
-8.1210221022 -4.3002819802
1.8694028225 0.5788519355
-8.0385596606 -6.2672206303
-1.6128765235 -3.3750592878
-3.6861454281 -3.4921732270
-8.6257763047 -4.3587158688
-9.5222471548 -3.7497944410
-5.3092721865 -3.3211778843
2.0673696545 -0.0341332930
1.1495934417 1.2455512563
2.4166554629 0.4008552647
-4.2657267494 -2.4708858817
-8.1885616624 -6.0116567262
2.1628022296 -0.9762259226
1.3895754723 -0.1082194563
-1.6266911346 -1.2937072019
-7.9534044425 0.8181932398
-10.3044593580 -4.3177928315
-1.5573974742 0.8963042898
2.8379487255 0.8983606278
1.6153274881 0.8930832136
-6.7325329036 -0.0363966650
1.6236678618 1.3395685898
-4.1757591800 6.0985189625
1.5693401789 -0.6298115509
1.9119857586 0.4216477262
-10.5978783804 -6.6983314278
1.9481414544 0.9348350587
-4.6515087434 2.2734390238
1.9366275842 0.7155426954
1.4727640963 -2.5922278912
2.0181712940 0.6387560304
-8.7482602477 -0.7167985928
2.3651744302 0.8353621759
-0.7266722797 6.2339869340
-6.7244984954 -6.2552428548
-7.3688808652 -4.2788595255
1.3669189735 0.1134799388
-7.2867757433 -5.1775416135
-7.7352572322 -5.7473751204
-9.9405039892 -4.9595888107
1.8872267131 0.2506725543
1.7708247115 -0.6173729238
-3.9253115856 3.9729261423
1.4089831496 1.1415638506
1.8717096398 0.7803556789
-9.2925055546 -5.6400080983
-8.3493185239 -5.4408231751
-6.9684490322 -2.6749444219
2.8870846443 0.5267937062
-3.8724734961 1.3619410187
-5.1700677989 -1.4351077634
-9.7094418308 -6.1320820508
-5.4068130948 0.4444430656
-10.2701698033 -5.1998511973
-8.5947408325 1.4382070540
-8.4714464258 -6.8742509932
2.2479180932 0.9800522430
2.4973840953 0.8916689011
2.8636015565 1.1498932152
-7.2176350332 -1.3084661238
-11.0055100406 -5.7644642909
1.9991322363 0.2050281365
-8.9376118964 -5.0052643044
1.7334373203 0.9249846843
-4.6457010821 1.7339247508
-5.6864132395 3.5799887897
-9.5381163424 -4.9648535261
-8.4965840001 -1.6868550649
-6.5680564369 1.9472536348
2.4424352549 0.5161288024
-9.1695828604 -3.9329983179
-7.9635559752 -5.4670074680
1.6532211877 1.1607360739
-11.5147359047 -6.6949244159
-5.4636104251 0.7436172814
-8.6810651333 -6.1907406564
1.7745031514 3.8716415261
-7.1943630243 -4.1410555530
-4.4353257825 2.7053512160
2.1854434156 0.5392313284
-8.1995855525 -6.2640260960
-8.5863956596 -6.0726311114
-4.1230534077 -0.2370667424
-5.0317681810 -2.2617211493
-9.3524525669 -4.5347877162
2.0251803398 0.3311429540
-8.3497091195 -4.7890832149
-3.9921008242 -0.1097375693
1.7921968040 0.9614132321
-3.9332160270 2.7382543133
-7.3617189756 -4.7888273518
1.6695358218 -0.3230193681
-5.2987809125 -3.3242957735
-8.2755930709 -5.8528106003
2.2888003056 -0.0369438363
-7.5017827709 -4.7061078388
-1.4884209505 0.1109045578
1.1969762917 0.4549845443
1.1831795909 0.1242244623
2.9325256546 0.3153857916
1.5192988144 0.0644235557
1.4514183229 0.5257595579
-7.6545864868 -5.6841088711
1.8827040290 0.4981443023
-8.7234779639 -5.9249928440
0.7812046405 0.8353007414
-8.6383348046 -6.0994036999
2.6249108611 -0.4939953016
-4.6244785343 -2.4010731272
-8.0093190110 1.3086862758
2.3068145407 -0.2090992473
2.2495691289 0.3646007050
-9.1205920015 -3.4936621868
-8.7716207379 -0.7713477661
-10.7475692722 -5.1254956933
1.2690165985 0.2685222129
-7.0894353602 0.6462746589
-11.2166139390 -4.3325778933
-8.1607894893 -4.1189425243
-6.1604317921 -4.0737641412
-8.7985677928 -7.1485600158
-8.9678133460 -5.5003453111
1.4409034965 0.8387509405
-9.4277571271 -1.2809470717
-5.8941263533 -0.4428728376
3.0235193392 0.2690649463
-2.4476599205 -5.5328975497
2.1780084381 -0.0256142682
-8.0040316078 -4.5368160375
-4.6150588082 -0.4689008479
-2.4884171043 -2.9645947143
0.5327187218 0.1997246866
-3.3945329599 -1.4090939190
-6.9647324768 3.6451000938
-4.2278886192 -2.5230632012
-2.3245603341 -3.1132845041
-7.6040126725 -7.4266859002
-6.4968850589 3.1130070410
-3.9383702746 -1.8668623588
2.5141911036 0.9344644912
-11.5956963745 -4.7950474459
2.7494912493 0.9553000422
-8.8629626226 -6.2538976803
1.6897978518 0.2313955884
-3.6845330068 2.5179310176
-9.8013086564 -6.3063707644
-8.9396725195 -5.3808245042
-8.6605745257 -0.8047310264
-4.9910612984 1.2219657808
-10.6817592114 -5.7262769037
0.8737198088 0.6269178112
1.8096378588 -0.2574318159
2.0237016448 0.2212043467
-8.1028558933 -5.5516755134
-3.5818087380 -2.9927454513
-10.8277857352 -4.4224548487
2.5153499312 0.5565922831
-6.9402918984 3.0769168466
-8.2463041515 -6.3714842820
-9.2169942008 -4.5971217733
-4.0879113411 1.7951460173
-8.8334031440 -1.7176918317
-2.4880575109 -4.9590279715
-3.2958789618 1.0994252513
-4.3783474903 0.8418451664
1.4548284360 -0.2809982333
-9.8377625609 3.9482431145
2.6880432582 0.1600869363
-7.7556216447 -0.9381971428
-6.7801982837 1.0369183604
-11.0115219349 -5.3373285611
-3.5354953886 -2.0200018934
1.5027098279 0.2410528201
-7.2714511027 4.6280461707
2.0137951530 0.3697181335
1.3892243637 0.3659459704
-8.1823512892 -5.2858932861
1.5572309273 1.2205660975
-7.3770922582 -6.4902423019
-8.8914378157 0.8673933090
-6.9217812731 -6.1589213450
2.8923312499 0.7019647461
2.0184575060 0.5844361271
-7.8415784706 -6.3327079238
-2.3716373505 -0.6772392527
2.5438211099 0.9718927137
-9.8679598617 -4.7210118057
-10.5108633333 -5.3804561710
-8.4758948291 -5.4844860228
-4.9295697744 0.4634073773
-9.5537952403 -4.9005113860
2.1140146409 1.4022157368
-4.1795411341 1.4783228404
2.1088855865 0.7522600284
-9.3057078129 -5.0538540300
1.9446291985 0.4057038075
-10.1502575373 -4.1658582258
-9.0741319164 -5.3374120526
-7.8998838606 -6.2323738119
-8.8930079819 -4.1562081584
-5.4013902707 -4.2402661426
1.3855468552 0.5499635929
-9.6129290923 -5.9173058565
-9.1164779759 -1.3438454458
-3.4872242996 -2.3853025968
-7.9428228730 -5.7722211100
1.8975975863 0.7173247647
-8.4159253444 -4.0704848636
1.8655016909 0.8774951807
-5.0328121740 0.7604342569
-7.0014437924 -1.2003880557
-5.0668689928 1.3786342846
2.2947319718 0.4331056444
-2.6406751893 4.3861658491
1.5411943775 0.8895941631
1.8661266373 0.5554793684
-9.5820733713 -6.0794600475
-9.4212725088 -4.6313860227
-8.4656478354 -4.9263532739
-2.9579596915 0.8430502524
-7.6263099712 -3.0340584252
1.8744235296 0.2085610513
-9.9663055589 -5.8987771714
-2.5165578590 1.0826359688
-9.5632483138 -4.2712872395
-1.0302700514 -0.7459312835
-8.5464960756 -3.8866863147
1.0765226626 1.0524002622
2.3799383571 0.5597260498
-9.4131268062 -4.7038287828
2.2816780474 0.2415692597
-8.0589364473 -5.5642251915
1.1970981847 0.9486150120
-7.4168093831 7.0173337185
-4.5829281162 -1.6748197337
1.9801834307 -0.2917115280
-6.3446005037 -1.7020540192
1.3187287098 0.1424203973
-9.6418336913 -6.6256899789
-0.1278806878 0.4143202728
-3.6945637345 -1.9035695404
-2.7710225717 -3.4609301948
-3.0722931634 -0.2288391448
-8.9686691695 -5.7098271121
1.9618704771 1.1583462735
1.9470368114 -0.0119629716
2.2466227369 0.2974387222
1.8632654268 0.9270383189
2.7999081409 0.7466289235
1.5523330168 0.6739459995
-10.9212915041 -5.7799210256
-7.0680713670 7.1817332110
-4.9623155283 -0.5501637976
-9.7456727820 -6.6840910911
2.1221771162 0.2532035375
-0.0329446512 1.7275282345
-4.7932230882 -4.9373510184
-8.8009410057 0.4977507869
2.5951375679 0.7789939994
-6.5600455016 0.1622644865
-9.0560563154 -5.1161647568
2.4187806570 0.4583127381
2.2146602837 0.1885835601
-3.2880759862 -0.6101690620
-5.9610067824 -0.9199255220
2.9023233537 0.9469181543
1.8845522208 0.5570524709
-10.9738545516 -4.4331439133
-7.6720100499 -4.7440170856
1.6712352992 0.4315295338
2.9067139582 0.5149774965
-9.8585460107 -5.8727848809
-5.1242910107 1.9578101686
-5.9479199050 -1.8343666032
-7.0948871955 -0.0542318169
-3.2478729313 0.4486329991
-9.4701150005 -6.6288237160
-6.5272974276 1.0670030451
2.0315400359 0.2955428869
-10.4776546015 -5.4687052506
-9.2560107028 -5.9561845973
-0.2385753216 -2.3991649409
2.4857211502 0.0561230135
-7.3286572681 -4.4009643697
-8.3294262482 -3.3765303027
-7.2821767657 -3.3289892957
1.4008601117 0.0044136692
-4.6961977375 -1.2702027131
-8.9100996630 -4.4311668901
-0.9833614528 2.0659632789
-7.5077481277 -5.0232808832
1.3239347188 0.4719534370
1.7527798122 0.6216446297
-6.7254951879 3.1825357250
-5.8299252090 -2.2908343118
-6.6037098265 0.5068341548
-4.7791517972 -2.0722252437
2.3448995873 0.9800897567
1.8993892368 -0.3958228864
-4.2883855000 1.8053233192
-8.7232441546 -4.7556114942
2.1167701293 -0.3584209949
1.7354315834 0.4382793746
-2.4782698863 0.0158432626
2.4431611118 0.5078541392
-0.6661380332 -3.1199623995
-7.3921753153 -6.0389550873
-5.8869727788 -2.6969971236
-9.9060924365 -5.0879003550
-5.8825864900 -0.0819065551
-6.2510720453 2.2358701128
-7.3227421147 -1.2893820425
-7.0742216455 -0.0029242755
1.1901141150 -0.2119171871
2.7571873128 0.2263678362
2.5252746007 0.3677365564
-4.1789836137 -1.0223096395
1.7976120754 0.7529932457
2.0147920733 0.1394379925
-8.5268951381 -3.7610477025
-0.4939511726 -4.1890927125
-9.0654719215 -6.0569587847
1.7873650410 0.7729712245
-5.2444146694 -0.2302010708
-2.6140993442 -2.9998594771
-7.8817547173 -6.3135221658
0.9983666215 -0.1773000006
1.9372394396 0.8538090612
-5.5180849730 1.8759047400
2.3082630673 -0.4720212868
-10.1561538736 -6.9568916655
2.1799026490 -0.0373081012
-7.6718037497 -5.7555736916
-9.0412497636 -5.7503641734
3.0917951174 -0.0331361229
1.6611473701 0.0291518788
-6.5659946047 2.4358972358
-5.0062693699 1.7123182026
-5.8033631389 -2.8473219444
-9.1140921994 -5.1128484587
-10.9146233935 -6.4518311087
-5.2397921903 -3.2657492131
-3.0271230873 0.3057976313
-8.3628096634 -5.6769975832
-4.4518479380 -3.2130459988
1.4621064525 0.1044288596
1.2170692496 1.0313191060
-8.2607999834 -4.0978725874
-4.6120544748 0.8267265767
-8.5748635643 -5.0578942539
-8.4938932238 -6.6523291844
-8.4143988034 -4.0737338259
-8.6268776097 -6.4437533946
-3.0122037931 3.2569821298
-6.1795089199 -4.6551615723
-9.2575624265 -6.0985267165
1.8268655092 0.6001179013
-4.3922914476 -0.3753048377
-8.4295158390 -7.7492145163
-1.5200185018 2.9617786552
-9.2973444653 -6.1074872970
2.0370973446 0.8284353074
-9.9887241526 -8.8122450110
-11.0132202939 -4.0830845831
1.4065682997 0.4842028691
2.8342427494 0.5324072430
1.7629988740 0.3796462264
2.3805262715 0.1997013343
-2.6620553205 3.0135048328
1.6752798418 -0.4601527102
-8.9347025758 -4.5617684466
-5.2821964062 -3.6192384586
-9.5554084830 -3.4865660789
-1.6503735202 -0.5557736138
2.5036265890 0.6982683127
-9.5478670934 -4.9354830041
-9.7175841897 -5.5801618176
-7.8195459894 -2.8296540046
-6.8637676824 0.4236013979
-9.3778878101 -7.7607752928
-7.2219133196 -6.0908060816
-5.1555375785 1.3832790829
-2.1801978523 1.1117781979
2.0082656277 0.4490538256
2.3578579050 0.6534740414
2.0909485380 1.0019593871
-3.0845217273 -0.8909854001
-8.6805370627 -3.0784334477
-6.6605205386 -3.8530824060
-6.1986656006 3.2610257560
-8.5967159763 -5.8783701559
1.2796368723 0.0157989226
2.0319824169 0.5613099012
-8.3072392760 -4.0854529076
-6.0362047082 2.0413336687
-11.5493343471 -3.0719956519
1.6582844325 1.2615542516
2.8904380985 -0.6669688351
-5.2916882563 -0.7318884453
-8.3957234918 -6.5698449795
-8.8996419967 -5.9830468704
1.8256251849 1.2129771544
2.1666130520 0.5278684749
1.4347593287 -0.2878614686
1.4057982580 0.3456691550
-7.9692695876 5.5166338354
-5.4752391582 4.5605105487
1.8263404917 0.9914756442
-3.5669514289 -1.7980066505
1.7222831817 0.7448824856
-4.2752883248 1.4967289368
-8.4722413025 -5.1571587895
-0.0896347075 4.4112414539
1.9991400739 -0.0225738596
-4.5574855994 1.4437224024
1.6309596976 0.5084736473
-4.5198798493 -1.0264807407
-4.7495977036 1.5870018521
-10.4088409169 -5.8410577129
-11.0017500612 -5.5936376006
-9.6889262286 -6.2302764399
1.1068159791 0.3074128561
-0.6235719021 0.8811380514
0.0265450653 -3.0916182257
2.1604934268 -0.1142343449
-8.3624027985 -6.3287311308
1.7648790357 0.9159006260
-4.2015123353 -2.5573910303
-9.0809099875 -6.6516637945
1.3812389279 0.8215612511
-0.4318372776 -1.7182479478
1.7970144577 0.6022695844
-8.7073875780 -6.0574521790
-9.1149367081 -5.2622193224
1.6380120851 -0.1841912227
-9.7259899611 -6.5261824433
-2.1385759631 -2.8486832159
-0.3968827739 -0.0665890571
-3.4993920430 5.5200334174
1.8547030192 0.2106498062
2.1723311256 1.6017934855
2.3163987513 0.5969928903
1.7767785642 0.5814393575
1.6057514216 -0.2218309870
2.6314941249 0.2258944811
1.8823725969 0.2375014317
-8.6998518020 -4.3661092741
-6.9684600203 -4.8596416632
-9.3073717194 -4.7648671661
-9.9995265674 -4.4830973029
-8.8205033193 -5.9712045258
1.5360306318 0.1949312828
1.5109288781 0.7485225055
1.4206061374 0.8958132822
1.5011643240 0.0840159908
2.8516263969 0.0713289133
-1.7325049295 1.0547738221
-9.5121984375 -6.1168901706
-2.9205747928 -4.4588823880
1.2480045595 -1.6736576802
1.7646394402 0.1484334723
-10.4346030974 -4.9594527413
1.4877058022 -0.3316479083
-8.5663765521 -3.9879339788
-9.2625371876 -5.0721192559
-3.5247660829 -3.0109789516
-5.4483057046 0.0107905192
-8.3382616191 -6.7845668584
2.0961856131 0.0303550630
-10.0393552054 -5.3994750979
-8.5026389067 -4.6086826968
-2.2680544552 1.3941317218
2.1294323053 -0.2154328798
-9.4086748792 -5.7066709259
2.5510273612 0.7050504983
-8.5736449212 0.2694624840
-9.3152087364 -6.6854459795
-13.2835205723 -1.0561220803
-7.2639705111 5.2588893423
-8.1311709703 1.3513319961
2.4598568897 0.4830982980
-10.3587642180 -5.1862690098
2.7611148786 0.7085736018
-8.1304367629 -6.5697990898
-8.0805405959 -6.7084425331
-3.8823974348 -1.6603958104
-1.3649594764 0.1444534083
2.0037326917 0.8754046434
-6.3709672613 -0.0814718571
1.8472209373 1.4967614069
-10.0915003718 -8.1239044705
-8.9419868294 -5.0209038071
2.2853633079 0.8104772979
-8.6978257295 -5.3850246053
2.0582495744 0.1370926763
-5.1491289772 -5.0186463538
2.5081111115 0.4963226465
1.8677165505 0.5659645112
-9.8696673488 -5.6371528088
-8.3915966504 -5.5418524849
2.8407203129 -0.1225435198
-3.7286862222 -3.4925888261
2.0220028563 1.6052741756
1.8213562604 1.0627132387
1.8584926821 0.8651753880
-2.6696806621 1.6673464324
-1.5263053901 4.9710316943
-6.7351706078 1.3747284896
-9.4443409438 -5.3578902391
1.9160594744 0.5423393949
1.3277844763 0.1777245610
1.8975486796 0.2384860440
-8.9706622521 -3.5545260026
0.0327707051 -0.2187728348
-5.0481779130 -4.1048082559
-1.7410376260 2.7815263237
1.7328874403 0.0927994152
-8.2649766988 -0.6472485488
-4.3363263688 -0.1624920581
-4.4350216001 5.3299483496
-9.8508600424 -5.5860324903
-10.7214317278 -4.6897782885
-7.1086009292 -1.0546819723
-4.1276865656 0.3605494235
-9.3911985867 -6.9766657857
-5.3852302019 -3.4834552470
-8.0647567180 -4.6095260241
-10.3039378518 -3.7748774900
-10.2625180303 -1.7236250890
-8.1128546577 -0.7628335249
-11.1397784856 3.0543220933
2.3926158766 0.4862199733
-3.0366353751 2.6212767837
-9.3627184674 -5.4369309996
-3.1743411181 -0.5270693125
-8.9395467333 -4.7095206507
-8.1077015207 -5.6287441880
1.6592490451 1.4904233551
-9.8306040085 -6.3638109084
-8.8590042801 -5.6559362347
-3.1760454979 1.4497971461
1.5596832508 0.5553816799
2.3226884602 -0.2651524923
1.8413473483 -0.4866260554
-8.5889259731 -4.4963600727
-4.5410547516 2.5357226372
1.8420834933 -0.1581613318
-5.0853793243 0.1652455777
-0.2359469488 -0.9770806034
-8.9676324068 -5.1189402562
-8.3232867765 -5.9084790602
2.0628078636 -0.0543716255
-6.9570165188 -6.1682946692
2.4409976374 0.9125426215
-9.6475219341 -5.2693104484
-7.1519766491 -6.0136836498
2.2038417606 -1.0279903731
2.1472267533 0.5090601185
-1.4937301681 -0.0458959665
-9.4019613493 -6.2598288684
-5.5930861685 -1.4459212223
1.6317143699 0.4892402252
1.7068179700 -0.2915431430
1.7548977426 0.3128359238
-1.6158702689 -0.8576903458
-3.1813382109 0.9718680996
2.0858742942 -0.2840873369
-6.5154455347 -5.3711329327
-5.0645157765 -1.8344219843
-8.6887661613 -5.7171608648
1.9486216211 0.3528848529
-8.7566300898 -4.4432674044
-3.0827838050 1.0830704145
-4.7419942722 -0.6473897614
-9.1611771248 -5.3033992795
-4.6583432116 -0.1808410910
-8.7605576741 -5.6081995937
-2.6065686229 -3.6094764207
1.7300421812 1.1646604070
-2.3332988132 -0.5275854234
2.3638549121 0.1581206776
-5.7805917615 -1.8889346303
2.5760747577 0.6129487038
-9.4560827267 -4.2712280793
-4.7969736954 0.0118679585
-2.0929772602 0.6809512229
-7.4813475325 -1.1935159542
-10.3531536441 -6.6186621704
1.5130391715 0.7544108162
1.7453712641 0.4418277555
-2.1645973363 -3.4391680567
-10.3656091611 -3.7935495387
2.2493505286 0.3569436869
-3.3570278863 0.5181773846
-10.6374726035 -3.8883182857
1.8813086136 -0.1408899030
-9.2823868531 -5.2444602877
2.0396535220 0.2443823457
-1.8605936928 -2.0332387238
1.9590829090 0.9839079757
2.1819197673 1.4251594500
-2.3384536420 -0.3857858978
1.0256868489 1.1209536807
2.2583800175 0.8713956982
-2.3400518291 -2.2147811224
2.4621011639 -0.0538322608
-9.1910381349 -4.1124405097
-9.3212401084 -4.3300960001
2.2560089986 0.3921251662
1.5620578150 0.3862890874
1.1833650591 0.3613394026
-1.4705366549 -0.6514229435
-11.0577762201 -4.7543060569
2.3049243319 0.5112414708
-11.9673721318 -3.2970983914
0.5103318092 -0.0193359445
-10.0751397574 -5.1661406593
-4.3960837947 -0.9203058427
1.8826197151 0.3812616933
2.5356935627 -0.0959130468
-9.6649627923 -3.5173265969
-2.3144308870 -1.3297493635
-10.6815729003 -4.3320999397
-3.1011031964 -1.6095082957
-7.4174085999 -0.4062528319
-6.8087908467 -4.6206295620
-3.5738162964 1.9820632163
2.4821521577 0.4719454614
-10.7264443739 -5.1451796144
-8.6558857335 -4.6963298944
1.3320222258 0.2111038979
1.0043241128 -0.8484019518
1.6265427676 0.3265494951
0.9327918559 0.8928633067
-8.5395270610 -4.1795478083
-7.9707907975 -4.9812307229
-9.0135596995 -5.6252642205
1.8919684656 1.0506554587
-3.3105854619 -2.2010757252
-9.4127372805 -5.1981498967
-9.1910947235 -4.1671306495
1.0888071907 0.3079598001
-7.5757075878 -1.2479502323
1.2838327543 1.4125492995
-9.3555054973 -5.6261375923
-10.4553100476 -5.5083888283
-7.3257717803 -5.9446259113
2.4420610967 0.6048749046
-7.4031370270 -4.6972836835
-7.8105637365 -1.2514363633
-10.9229296341 -4.2158324110
-8.5796960027 -7.3770919639
-7.4839720851 -4.9976666333
-9.3481800289 -5.9043059927
-5.9346633465 -4.2494649137
-5.5542867442 -1.2480641027
2.2513545589 0.1324242855
1.4200797125 0.6954431268
-9.5115334101 -3.7442418206
-8.6155124059 -5.1769375734
-5.1297063614 -2.3296917036
0.9399010421 -0.7258329521
-9.0977138290 -6.4031776188
-6.1103174351 -0.5130580234
1.8836218155 0.4249916924
-9.7441841361 -6.0832701133
2.5998373240 0.3669288182
-10.2506822801 -4.8686918781
-7.8141062542 -4.9498990080
-5.0526674711 -3.1548636461
-7.0072751809 -4.1376863208
-8.3057254263 -5.0503324260
1.2755071403 0.6500868906
-6.0508693829 3.6166803713
1.5840054185 1.2580511052
-7.3167566694 -4.1149410138
0.6004963484 0.1124547003
2.2113744692 0.6470300272
1.4710775018 0.8644689322
1.5813943196 0.4088672340
-6.7200840202 0.6379320637
-5.1495252247 -0.2925359426
-6.3452912120 0.5313759731
0.8915656194 0.5277969364
-8.3529699682 -6.1366150903
-5.2147397916 -1.6771313523
-3.5894194230 0.2679892871
-8.7531883430 -5.1125678902
-10.3883219912 -5.9621698963
-6.8831268125 1.3768246989
-3.7043745481 2.3710432460
-6.3746169278 -0.4836736329
-3.8728473084 3.8168750781
-7.4586833850 -4.8015241598
1.7274942591 -0.4933515471
-2.3744966151 -2.8530864829
0.2988011470 -0.5024940608
1.9056969414 0.3774725452
-8.0179413963 1.0188964351
-3.2634376745 1.0632898371
2.4203552596 1.0027696048
-9.6145971383 -4.9184871640
-9.4087070728 -5.3718725425
-8.9730956877 -4.4789439949
2.4831835738 0.3957483540
-8.0112833578 -5.5433394818
-8.0415069854 -5.9486998004
2.3519529581 0.1820714916
-6.9501957416 -1.8680875289
-8.6318579055 -4.7056883303
-9.0467913649 -6.3160210716
-6.7007279143 -0.9093715036
2.2119571385 1.7398479087
-9.8488017587 -4.4863477050
2.6771970857 0.3404897636
1.6117686420 0.5950947925
1.9347237931 0.3288088158
-6.2151711759 -1.2341930012
-8.2967094737 -6.0638877793
2.0506236920 1.1567698695
-8.1790331432 -7.0708759701
-3.5472713818 -0.0885776261
2.3032398094 0.1519113478
-7.3954555190 -6.6976943948
-2.6444654281 -0.4539619949
-4.1988240368 -2.7153735341
-9.4510529897 -6.6340135696
-8.7687391494 -5.9459129841
1.9795963741 0.4114554715
1.5177029987 0.9732286576
-9.5718244059 -5.4437556320
1.0842406202 0.3859252202
-4.8678386092 1.5496306328
-8.5614007377 -6.0442885867
-9.5567519950 -5.1695118110
-2.7314250111 1.5628060543
-10.0116458108 -5.2074541205
1.6163401811 0.7162572107
-2.7392757622 1.9005319622
1.7314853956 1.2209964513
1.5611513092 0.5770202015
1.3920913323 0.6747429248
-7.9337638485 0.9014342079
2.2426102481 0.5335464873
-7.9726457854 -6.7405163297
-5.6386679013 -0.2733604549
-8.7132392136 -5.7962947822
2.0559957939 0.1419556784
-7.3570771121 -4.4141951758
-10.3119040017 -5.1619008015
-4.0398740191 -2.0230927473
1.4755154409 0.2805533904
-7.8656118083 -0.1463842976
-9.0673637646 -4.9091751704
-4.2384248621 1.1378693606
-4.9335829191 1.5260077753
1.9460310546 0.1275095996
-9.3546129862 -4.8353583481
-9.9132303015 -5.2340740239
2.0815678892 -0.6677604738
-5.9703122693 -1.5887847002
-6.0789315570 1.8218410253
-7.3694923346 -3.9698921851
-2.0795085463 0.2674977041
-9.1405212124 -5.0748810759
-6.7085613407 3.5524350229
-8.0552940296 -4.6666737312
-7.4967699045 -4.7957782984
1.6739276583 0.1153849476
1.1710265688 0.3524466635
1.9289678164 1.0920471910
-5.0720395905 -0.4918957552
-8.0215064582 -6.1610221372
-2.7601800352 -0.5977023222
-4.3168527533 0.1482968411
-9.5048348982 -8.0904905446
2.4685008823 1.7852423017
-4.5771296381 1.9366784290
-9.2964537868 -4.1346202365
-7.8803489709 -6.9385140019
-10.2010804137 -6.5254252526
-5.1554925798 -3.2340488466
-6.7958108287 0.7986032462
-5.3162998585 -0.7660575968
2.1591074245 0.2765127555
-0.5163367706 -3.0269893027
-3.8858466996 2.0616083490
1.6349999706 0.8201022645
2.5031255659 1.5147016901
-9.2138004341 -6.3329827491
1.0153117271 -0.4755224627
-7.3236912914 -4.8906027933
-5.8767242425 -1.4780730657
-8.2194009270 -5.0848890862
2.0603200594 0.3909338133
-8.3450524883 -4.7928730410
-9.0423106574 -5.7322637999
-10.3391181738 -6.6044406689
1.8383611881 0.4529746494
1.7129914630 0.2846619451
-2.6626968082 -0.8441101748
1.4139147538 0.6142106777
-9.5519561360 -5.4117251915
-9.1407387202 -6.5423751196
1.5588719306 -0.1281508502
-10.1985352405 -6.0657842768
1.8609724412 0.8070225597
-4.7308372950 5.6482729121
2.1149885179 -0.4384664600
2.1512653679 0.9046033505
-2.8433397794 0.8885566683
-7.1153163656 -1.5525239669
2.0569618441 0.9945017720
-8.7573870894 -5.3566071659
-6.7677192634 1.8159624099
-9.1278234917 -4.7485807599
-9.8205102931 -3.5851898945
0.5454081440 2.7785284317
-3.6101581103 -2.5461542267
-7.7590789954 -5.6794855942
-2.0310037655 -1.9294836392
-5.8293006713 -0.5862205045
-4.9640587502 -0.9961007712
-9.5445383157 -6.2493667203
-7.6149817274 -6.5881480003
-2.7789098345 1.3965445216
2.2665249629 1.1053541180
-3.4192573455 2.1416686476
-4.8303842306 -1.7442191561
-2.6128712356 -0.4202611388
-5.3282004535 0.5982734710
-5.0192695924 -2.4559892493
-8.8592457933 -6.0642762812
-7.1865652492 -0.3352386015
-9.8082900799 -3.9376337560
-9.3236150493 -5.3953089056
2.1546771330 0.9714281228
1.8814453703 0.9555506212
-0.0941734912 -0.4008603660
-8.7282425663 -4.6285727351
-7.3326167197 2.4253804738
-10.7949204457 -5.3006769110
-8.0014103994 -5.6794735632
2.3615356668 -0.1904326826
-8.9785215615 -5.8797672195
-7.6939188034 -6.6961895076
1.2687262718 -0.2568422370
1.8907070221 0.4615031324
-10.2148036937 -6.6113961076
1.8787250646 0.5123594757
-6.0443697133 0.8049410954
1.4368708185 0.0183096089
-9.5750126028 -6.4340445179
-9.5710591638 -7.7747566257
-1.5310272581 -1.2219512478
2.9043561237 0.7874979832
1.9719270390 0.2048810966
-1.6124384396 2.2705599730
1.6367071895 0.4569093633
2.1835505898 -0.0416912823
-7.6318151333 -5.1576751356
1.9777122146 0.5159362913
-4.3855827894 0.5536890659
2.9599170524 -0.1841845138
-8.6213919431 -3.4492490775
1.9471904660 0.6973646611
1.9111514980 0.2884054447
2.1946022783 0.7195118074
-8.4177257962 -6.2295855261
-7.5568336205 -5.3234163848
-9.1869197615 -6.1662362111
-8.5916404545 -7.6593493735
-1.7015219550 -2.3996328947
-8.7165441967 -6.2321897914
-0.5008652752 1.2166768264
-8.2941671014 0.8455948664
-7.3687270639 -4.8712926530
-8.3345319521 -6.1971120627
2.0193245283 0.5449754262
1.2451314561 0.5815969473
3.8077606771 -0.6669742554
-4.4087995695 -1.1431132378
-6.3151625636 0.4748150725
-1.6431020027 -2.0537613536
-9.9585923994 -6.0087563014
1.6596546208 0.1789337550
2.3432768400 0.2126426653
2.4066530355 0.3631056335
-4.3748530811 -1.8194683016
1.6689213707 0.0046017568
-1.7667357856 -1.5367367121
-8.4518103255 -5.0641271810
-1.9228601012 -1.7477327569
1.5052441232 0.2899975066
-9.6714316585 -5.6425456671
1.9717925738 0.6181094862
2.8471343464 0.4631609673
-8.1999735107 -5.8875425432
2.1169680875 0.4640582742
-10.4131857168 -4.8204583122
-2.8023411379 -1.7490487027
-5.8622541616 -0.0174044723
-0.9302876861 -1.7324566831
2.7353847775 0.3686464888
3.4516877401 0.1076203319
1.7427367830 0.5371268824
-8.5620298208 -4.9590691599
2.4492687413 0.0780055408
1.6926955218 1.1636341753
2.1586828798 1.4870716578
-4.5417245872 0.0502040518
-7.6667421056 -5.3000975903
-9.7636231488 -3.9061150228
-9.4735015638 -5.1214445289
1.9075630019 0.4944106240
-3.1099752748 -0.4663181395
1.3061674167 0.6721072455
-9.2573608039 -5.7265450478
-0.5405727421 1.6247165409
-3.0661018867 -1.9023752955
2.5097421778 0.7897082167
2.5354519876 1.0185772512
-6.4261449029 -4.1378818899
2.9257858473 0.7877110855
-9.8802750905 -6.2536215050
-8.6654154983 -5.8112529514
1.5018883347 0.6217182060
1.8550953737 0.0935107450
1.0199597451 1.0586753400
-2.4362104265 2.8515557021
1.8681126392 0.1827422429
-5.1261641739 4.1226664945
-9.4300071609 -2.0678353289
-2.5923154295 2.2402479998
-8.3864434892 -4.3271265014
2.0438611495 0.2554024766
1.7242259189 0.3636276467
-8.7677334110 -4.8445283178
-7.3184002540 -7.0303347462
-2.5495694966 0.8078426650
-9.1004479153 -6.9855853747
-8.7243163470 -6.3791864541
-8.0270441084 -6.4166535490
0.8276527879 0.1179846395
-8.9993349661 -5.1542677931
-7.5435183721 -7.2683475842
2.2470873608 1.1596229720
0.7624396083 1.1437237168
-10.4990692117 -5.5856088308
-1.6347749286 1.6034403890
-9.3448178558 -7.1819691706
-5.9460723097 -2.1621658415
-7.3156716694 2.9113534209
-7.9903663253 -5.3471310461
-3.3055676857 -0.7875139189
-4.0160529781 1.2713755266
-3.1038382471 -1.0670607538
-7.6950368139 -4.0090051185
-9.1927628114 0.6433136522
-10.6722936262 0.3731913695
-10.7086922436 -4.4260160153
-1.0813489952 -1.2445241496
1.6180648332 0.8039048666
-4.1028255134 1.0931699998
2.9091403769 1.1514760106
-7.4458062506 -4.9279437113
1.3747366728 0.0296640195
1.5962583597 0.4432549024
1.8066358128 1.0301386000
-8.1605610552 -4.7563454674
-4.7202258903 -0.6452523267
1.5402788904 -0.6837948815
-10.2505992884 -6.1106453460
-9.0602122817 -4.1675012021
2.0381761033 0.9495652215
-3.8713272681 1.4188280242
1.5815953356 0.0091313688
0.5923037354 0.0869625938
2.1125764108 0.0567226720
1.7742722694 1.2020576772
-9.6095256894 -5.6673790941
-4.5055623076 0.0731782862
-5.9012450435 3.6106735957
1.8544769338 1.3493666169
-10.0883331871 -5.0117991479
2.1459912144 0.2353265336
-8.5271921669 -6.7268762413
-3.2714347916 2.2437905437
1.6499034347 -0.2011778685
0.7923066077 0.6086888779
1.9122634224 0.2532739913
